2000 4993 1 2000
957 956 416
1546 1545 482
88 87 383
790 789 451
1201 1200 399
1111 1110 589
18 17 454
348 347 342
1420 1419 331
1644 1143 543
791 291 1
1669 1668 348
867 866 396
1160 660 1
550 50 1
1190 1189 524
1811 1311 1
1413 1412 513
1057 557 1
1067 1066 568
1332 1331 549
538 37 571
503 3 1
1744 1743 449
268 267 422
27 26 509
1941 1440 532
1362 1361 559
634 134 1
625 124 577
1334 834 1
1636 1135 356
1293 1292 477
1448 948 1
1831 1830 323
669 169 1
841 340 514
1707 1207 1
1628 1627 409
1220 720 1
1687 1187 1
748 747 440
960 460 1
786 286 1
1337 837 1
1161 661 1
1162 1161 545
1938 1937 322
1328 827 463
1829 1329 1
179 178 593
1419 1418 346
836 835 505
1742 1741 391
718 217 397
1044 543 427
822 821 340
757 256 576
1937 1436 504
1928 1428 1
1399 898 582
1087 1086 397
657 156 337
1788 1288 1
1666 1165 592
856 855 470
937 936 349
1317 1316 598
1328 828 1
985 984 386
108 107 421
1385 884 309
663 162 315
1145 645 1
655 154 346
1512 1511 535
943 942 541
643 642 507
715 215 1
905 405 1
1979 1479 1
1579 1079 1
614 114 1
1656 1655 372
834 333 392
1190 690 1
631 131 1
1066 565 409
876 376 1
1181 1180 574
751 250 534
1912 1411 472
1893 1392 496
788 287 552
899 398 488
1356 855 453
740 240 1
1607 1606 556
49 48 527
1180 680 1
721 221 1
443 442 380
1470 970 1
435 434 561
1926 1425 458
1796 1295 421
1860 1359 370
1864 1363 432
292 291 491
871 370 347
1969 1968 567
1943 1942 465
1495 995 1
916 915 562
1322 821 534
910 409 342
662 162 1
681 180 560
1607 1107 1
1093 593 1
1418 917 548
1411 911 1
815 814 476
1806 1306 1
1151 650 532
1864 1863 517
641 140 487
548 547 442
15 14 432
544 43 504
688 187 586
733 233 1
752 251 443
1861 1360 494
1367 867 1
1189 689 1
1241 740 303
961 461 1
1148 1147 322
1660 1659 495
1422 922 1
1453 1452 524
1106 605 311
1981 1481 1
1160 659 370
258 257 444
1743 1242 442
461 460 388
1763 1263 1
804 803 320
1826 1326 1
1392 892 1
475 474 391
1713 1213 1
1152 652 1
1830 1829 515
702 202 1
1696 1195 416
1831 1330 329
1588 1087 587
552 551 435
1913 1912 416
984 983 349
832 831 585
1442 941 460
1233 1232 412
1951 1950 579
154 153 531
1643 1143 1
242 241 415
1341 840 562
1877 1876 365
354 353 495
846 845 463
633 632 575
549 48 342
1476 1475 329
1500 1499 329
1949 1948 511
689 188 327
333 332 455
1114 1113 333
311 310 584
1162 661 470
624 123 404
30 29 504
1493 993 1
1144 1143 481
849 848 352
725 224 352
1210 709 523
1209 709 1
1954 1953 399
1291 1290 559
1527 1027 1
1164 663 430
1083 582 442
679 179 1
468 467 589
1610 1609 446
1196 696 1
752 751 515
669 668 399
1798 1298 1
869 368 455
881 880 518
1359 1358 454
433 432 447
815 314 420
904 903 453
383 382 479
754 253 593
1515 1514 434
1781 1280 580
674 174 1
1252 752 1
1117 616 453
1536 1036 1
1008 507 549
564 563 498
1410 909 356
1633 1133 1
1046 546 1
120 119 307
1507 1007 1
938 438 1
1227 1226 496
170 169 337
876 375 417
823 322 377
618 117 423
1208 708 1
831 330 477
803 302 410
1948 1447 520
1916 1915 512
1954 1453 530
624 623 355
1625 1125 1
618 617 452
651 151 1
422 421 584
1520 1519 566
1032 531 517
740 739 516
1504 1004 1
202 201 414
1838 1837 565
1814 1313 383
29 28 598
1484 984 1
1532 1531 439
458 457 506
1303 802 451
559 58 356
1682 1681 470
1748 1248 1
249 248 546
1103 1102 552
1254 753 327
1443 943 1
346 345 475
771 270 393
1166 1165 366
979 978 386
948 447 567
727 226 520
1793 1293 1
694 693 422
1204 704 1
1778 1278 1
1794 1294 1
1289 1288 337
38 37 563
829 828 471
1881 1880 470
964 464 1
497 496 516
1976 1475 489
1216 716 1
278 277 557
1264 764 1
857 357 1
1631 1630 480
1586 1085 340
1634 1134 1
768 267 514
990 490 1
1764 1264 1
824 324 1
1352 851 452
1402 901 328
1495 1494 413
1380 1379 352
1131 631 1
1991 1990 394
1491 990 463
1760 1260 1
1140 1139 496
181 180 416
1661 1161 1
1865 1364 382
116 115 381
1893 1393 1
884 383 531
1503 1502 331
1015 1014 494
1911 1910 309
1914 1414 1
1017 517 1
1645 1644 572
544 44 1
1076 1075 312
70 69 305
542 41 394
1505 1004 416
733 232 309
1593 1093 1
1051 551 1
387 386 488
1168 1167 517
870 869 480
811 810 397
464 463 541
1119 619 1
1814 1813 333
1849 1349 1
808 307 365
568 567 497
588 587 500
709 208 562
1904 1903 438
679 678 576
1355 855 1
1931 1431 1
883 383 1
647 646 478
541 540 395
1777 1276 309
659 658 406
1285 1284 433
1086 1085 426
863 363 1
391 390 416
1928 1427 456
1626 1625 541
1662 1661 410
725 724 589
1301 801 1
501 1 1
1062 1061 562
1724 1723 417
306 305 494
1630 1129 536
1175 674 462
893 392 438
1372 871 519
597 596 426
1390 1389 341
974 473 529
96 95 561
1603 1103 1
1746 1745 371
594 593 507
891 890 352
1034 534 1
1368 1367 450
1400 900 1
1687 1686 347
489 488 316
1696 1196 1
362 361 564
1920 1420 1
1355 854 581
1744 1243 363
737 237 1
782 781 583
838 337 551
1014 1013 414
1189 688 507
1899 1898 406
1327 1326 326
512 511 319
1613 1113 1
1725 1225 1
914 414 1
1388 888 1
1689 1189 1
1549 1548 311
1566 1065 590
1612 1112 1
534 34 1
1506 1006 1
1430 929 395
1595 1594 501
1839 1338 574
634 633 582
1664 1663 414
1703 1203 1
535 534 523
314 313 543
1837 1836 305
978 977 580
1917 1416 337
949 448 547
730 230 1
1847 1347 1
550 49 535
1494 1493 560
1166 665 440
1537 1536 499
1372 872 1
1466 1465 486
1389 889 1
1209 1208 494
339 338 597
1779 1278 509
1867 1366 362
23 22 500
798 297 561
1150 649 444
580 79 379
776 276 1
1718 1717 462
779 279 1
1853 1352 367
1299 1298 481
1018 518 1
1904 1403 545
918 417 443
218 217 577
476 475 361
701 201 1
923 422 318
639 138 440
1043 542 345
853 852 533
1401 900 327
1506 1005 586
1433 1432 597
804 303 568
1714 1214 1
1342 841 410
826 325 446
17 16 576
1936 1435 365
989 488 306
1489 988 372
997 496 344
714 214 1
1591 1090 374
1317 816 301
528 27 341
1592 1092 1
843 342 587
1751 1750 385
510 509 585
717 716 526
160 159 479
632 631 348
1199 698 458
1474 973 437
1096 1095 517
1203 702 513
1399 899 1
222 221 303
628 627 438
1068 568 1
1503 1003 1
1012 511 380
248 247 569
1255 1254 508
1056 556 1
914 913 483
1076 576 1
1219 719 1
39 38 470
556 555 479
1093 1092 579
1313 1312 527
1335 1334 425
1128 628 1
1511 1510 509
1147 646 497
1237 737 1
1856 1855 419
1221 720 427
1312 812 1
657 656 431
1964 1963 309
1923 1422 584
1679 1179 1
1645 1144 514
243 242 576
1104 603 383
810 809 307
105 104 534
1847 1346 480
887 386 421
1051 1050 590
878 877 514
593 592 522
1421 1420 397
1903 1403 1
1326 825 412
1728 1228 1
1811 1310 451
1024 523 558
1926 1426 1
1083 1082 470
1823 1323 1
841 840 364
794 793 456
1837 1336 453
1040 539 490
1374 873 510
772 272 1
1547 1546 551
1315 814 466
765 264 361
1157 1156 451
1758 1258 1
1446 1445 509
1844 1344 1
1224 723 324
882 881 379
747 247 1
1606 1605 417
1805 1804 460
1146 1145 454
1339 838 600
1238 737 322
1104 1103 577
1069 569 1
1233 733 1
1649 1148 345
1951 1450 385
63 62 547
1049 548 519
897 396 579
1143 1142 369
1893 1892 353
79 78 556
406 405 507
701 200 326
764 264 1
6 5 390
1461 960 504
1849 1848 358
1188 1187 392
1861 1361 1
1889 1888 404
1867 1367 1
1544 1044 1
949 948 483
1474 974 1
1800 1799 343
75 74 372
1095 595 1
1207 707 1
1031 531 1
1491 991 1
992 491 494
87 86 361
1647 1646 451
1872 1372 1
815 315 1
1261 760 594
801 800 595
1375 875 1
374 373 406
1130 1129 424
1765 1264 302
1507 1006 431
1956 1456 1
1850 1849 311
1553 1552 347
795 294 529
1295 1294 404
1453 953 1
1941 1441 1
690 190 1
1860 1859 585
864 363 404
542 42 1
289 288 397
1801 1300 352
1727 1726 543
1845 1844 597
1767 1267 1
1527 1526 402
1619 1118 553
830 329 522
690 689 439
591 590 370
1833 1333 1
529 528 447
1027 526 532
1187 1186 411
296 295 301
280 279 304
813 812 567
1818 1318 1
495 494 583
1306 806 1
418 417 583
559 558 533
1735 1734 555
210 209 593
1060 1059 488
1723 1223 1
246 245 529
1752 1252 1
556 55 441
1472 971 521
1989 1489 1
229 228 471
1431 930 446
1319 1318 370
668 168 1
540 39 375
1347 1346 418
549 548 596
853 353 1
1029 1028 308
889 388 512
1805 1305 1
1347 846 365
325 324 550
916 416 1
1324 823 330
174 173 410
1574 1074 1
925 425 1
1202 701 442
1997 1497 1
650 150 1
714 713 463
1839 1838 370
882 382 1
624 124 1
1234 1233 504
1271 770 308
1618 1117 380
1230 1229 435
1099 599 1
12 11 560
1577 1576 491
692 192 1
626 625 565
430 429 357
561 60 354
871 371 1
1947 1447 1
516 515 421
1731 1230 574
1798 1797 416
1526 1025 488
1026 525 371
1151 651 1
825 824 328
862 361 305
1846 1845 315
657 157 1
628 127 575
858 357 503
890 389 546
1221 721 1
771 770 321
1048 1047 574
658 157 591
1759 1258 306
906 405 581
1557 1556 583
1990 1489 314
513 512 394
725 225 1
1075 1074 393
1873 1373 1
510 10 1
1650 1149 385
605 104 351
1097 597 1
1222 1221 574
1652 1151 368
666 165 577
1467 967 1
1959 1458 571
741 240 406
938 437 438
1231 1230 315
1016 515 507
844 843 547
1091 1090 342
1482 982 1
760 259 338
551 51 1
1654 1653 418
1903 1402 550
1938 1437 354
1400 1399 335
590 589 501
995 495 1
880 380 1
1564 1064 1
1845 1345 1
982 981 425
1437 1436 390
1996 1995 466
1353 1352 338
1080 580 1
1819 1318 434
1266 1265 504
777 776 306
770 270 1
1979 1478 460
1641 1141 1
773 273 1
1344 844 1
822 322 1
1693 1192 483
1528 1527 377
700 200 1
1825 1824 323
1312 1311 514
1404 1403 436
1731 1730 540
1224 1223 370
1855 1854 561
1721 1220 369
1507 1506 330
1207 1206 474
907 407 1
908 407 446
862 362 1
512 11 427
802 301 331
1515 1015 1
579 78 520
1541 1540 480
1414 913 447
1413 913 1
1010 509 486
1872 1371 591
1961 1461 1
1543 1542 380
1283 783 1
71 70 365
1417 1416 317
1159 659 1
434 433 520
352 351 452
1192 692 1
1217 716 389
1141 1140 393
681 181 1
1052 552 1
1121 1120 339
90 89 354
212 211 518
145 144 575
1397 897 1
1271 1270 491
1295 795 1
290 289 341
228 227 346
874 374 1
1302 802 1
1478 1477 328
629 128 586
1090 590 1
1675 1175 1
1366 865 310
1906 1905 559
1775 1274 576
1888 1387 574
547 46 531
143 142 448
1032 1031 334
539 39 1
128 127 321
885 384 323
1701 1700 307
1574 1073 572
1758 1757 524
950 949 504
962 461 506
1790 1290 1
488 487 312
1722 1221 415
609 608 575
1596 1595 474
797 297 1
620 120 1
1432 931 347
1183 683 1
1891 1390 372
567 66 370
85 84 490
789 288 329
1376 876 1
1076 575 509
1430 930 1
1171 670 330
1533 1532 477
1649 1149 1
816 316 1
1165 664 317
566 565 580
1721 1221 1
1909 1908 416
647 147 1
655 654 505
939 439 1
763 762 508
638 137 541
11 10 559
573 72 567
399 398 418
1149 648 333
1035 534 444
821 320 498
1840 1839 444
1270 770 1
751 251 1
44 43 446
1996 1496 1
1636 1635 434
1449 948 475
963 962 343
1369 869 1
1666 1166 1
756 755 529
760 759 493
1357 1356 591
156 155 318
807 306 370
1915 1415 1
1035 1034 349
1372 1371 493
1808 1308 1
1064 564 1
1906 1405 340
742 741 371
1925 1424 374
582 81 373
705 704 306
1869 1868 563
442 441 484
686 186 1
1921 1920 487
1410 910 1
922 921 345
1552 1052 1
684 183 540
1145 644 311
1062 561 302
536 35 419
1660 1159 398
1384 883 518
1146 645 544
1610 1109 319
1393 1392 575
1205 1204 598
1667 1167 1
1053 552 531
126 125 494
1569 1068 419
1607 1106 473
1428 927 435
1032 532 1
1872 1871 549
1870 1370 1
1470 969 468
666 665 419
1739 1738 545
1759 1259 1
1531 1030 371
1550 1049 503
578 77 410
613 113 1
136 135 491
896 895 451
1192 691 411
1766 1265 454
358 357 590
1919 1918 471
1967 1467 1
1369 1368 451
746 745 466
1191 690 574
972 471 465
1470 1469 392
1884 1883 318
1796 1795 527
780 279 301
1330 830 1
1717 1216 383
526 26 1
429 428 345
1787 1786 428
1268 1267 500
1336 836 1
1382 1381 375
498 497 394
545 45 1
1706 1705 405
1961 1460 372
1179 678 532
1197 1196 452
1967 1466 535
988 487 442
1084 584 1
1900 1399 319
1835 1334 494
1491 1490 529
1806 1805 574
1523 1522 599
1089 588 416
785 285 1
934 434 1
1545 1044 548
1425 1424 579
437 436 509
1772 1771 400
1121 621 1
1358 857 505
831 830 466
308 307 408
950 450 1
508 8 1
1915 1914 484
1821 1820 468
1080 579 496
1021 1020 407
471 470 393
894 394 1
1486 1485 525
1005 1004 511
763 263 1
1657 1656 469
1337 836 507
1055 555 1
1575 1075 1
621 121 1
934 433 522
1267 1266 584
1712 1211 398
1958 1957 470
1914 1413 442
1219 1218 591
1017 1016 536
1843 1842 430
1760 1259 375
1118 618 1
1702 1701 332
1583 1082 386
1000 999 508
786 285 431
1525 1025 1
675 674 435
1440 940 1
1382 882 1
1868 1867 483
1807 1306 332
1816 1316 1
1487 987 1
315 314 374
957 457 1
1281 780 394
1256 1255 537
885 385 1
1078 1077 365
1544 1543 496
1673 1172 527
22 21 369
1125 625 1
585 584 317
1783 1282 536
1530 1529 317
897 397 1
1100 1099 500
809 808 416
1117 1116 531
750 250 1
1067 566 407
1349 1348 445
297 296 495
698 197 598
1571 1570 411
958 957 386
1002 1001 579
1985 1484 395
1940 1439 382
1590 1089 557
1034 1033 300
729 728 452
695 694 412
1943 1442 434
1830 1329 532
1988 1987 537
578 577 300
1256 755 453
1929 1429 1
806 805 376
1608 1108 1
1451 1450 517
743 742 347
1336 835 364
887 387 1
827 327 1
687 686 401
942 941 567
1179 679 1
1272 771 513
1343 1342 354
1727 1226 486
1648 1647 357
742 241 325
1639 1138 326
1783 1283 1
539 38 439
1002 501 388
1925 1924 315
1110 610 1
993 492 486
1528 1028 1
1435 935 1
909 409 1
1592 1091 562
526 525 582
773 272 584
263 262 448
1944 1943 408
1706 1205 597
1509 1508 341
895 894 309
1601 1600 514
1383 883 1
182 181 329
1923 1423 1
734 234 1
1459 959 1
1818 1817 569
879 378 512
1582 1082 1
732 731 409
753 253 1
1730 1230 1
1306 805 338
955 455 1
1563 1062 532
436 435 374
730 229 407
1436 1435 563
1208 1207 300
1692 1192 1
1854 1853 483
952 951 546
1879 1378 497
991 491 1
1935 1435 1
1152 651 505
28 27 598
1739 1239 1
1292 1291 311
1589 1088 355
1108 1107 476
699 199 1
1987 1986 410
1288 1287 486
1732 1231 303
1495 994 337
682 681 335
833 332 429
873 372 438
1296 796 1
1582 1081 449
1737 1237 1
55 54 312
546 545 354
1169 1168 524
793 792 405
955 954 309
1109 608 592
1473 972 366
1467 1466 386
34 33 338
1517 1016 352
595 95 1
1921 1421 1
1201 701 1
1661 1160 578
1061 1060 423
528 28 1
1430 1429 524
631 130 499
1426 1425 580
1408 907 474
1338 837 337
453 452 568
261 260 466
1997 1996 515
1691 1191 1
745 744 309
368 367 410
1292 792 1
1458 1457 518
390 389 335
784 783 439
635 634 406
527 526 538
711 210 415
1297 797 1
865 864 532
1627 1626 583
147 146 339
632 131 390
966 465 494
494 493 303
1544 1043 562
56 55 380
951 950 479
562 62 1
1752 1751 477
754 254 1
1155 655 1
1129 628 499
37 36 530
1803 1302 433
1194 1193 460
1977 1976 526
1976 1476 1
1308 1307 510
1468 1467 332
1173 673 1
1023 522 482
262 261 328
252 251 441
650 149 429
1927 1426 594
645 144 382
990 489 405
58 57 569
1445 1444 542
1816 1815 495
1395 895 1
1493 1492 311
1314 814 1
1254 1253 581
600 100 1
642 142 1
676 675 583
1639 1139 1
1345 1344 479
193 192 477
416 415 325
599 99 1
863 362 522
1647 1147 1
1277 1276 339
1804 1304 1
600 99 320
1300 800 1
551 550 446
449 448 542
667 166 379
851 350 559
1465 964 367
968 467 302
996 496 1
613 612 554
1638 1138 1
1276 1275 300
1840 1339 598
1415 914 566
1346 845 527
1749 1249 1
123 122 570
1300 799 532
1516 1015 489
1368 867 305
1302 1301 515
1182 682 1
1948 1947 454
1466 966 1
1387 886 537
1795 1295 1
1608 1107 598
1142 642 1
664 163 467
195 194 583
737 736 499
979 478 423
1133 632 440
755 255 1
533 532 482
1530 1030 1
452 451 420
531 31 1
1683 1183 1
514 14 1
990 989 369
563 62 587
1503 1002 587
236 235 547
1541 1041 1
552 51 524
1596 1096 1
1966 1466 1
864 364 1
1935 1434 532
1195 1194 338
1969 1469 1
1552 1051 560
802 801 378
1419 918 430
1484 983 376
1396 896 1
1156 656 1
1184 684 1
759 259 1
754 753 336
1452 1451 586
931 930 314
892 891 549
811 311 1
1463 962 314
1809 1308 316
1535 1034 394
1655 1654 572
1447 1446 473
1986 1486 1
794 293 485
1581 1081 1
835 834 359
1362 861 369
529 28 519
1177 676 470
1194 694 1
1175 1174 310
1108 608 1
1671 1171 1
571 71 1
630 130 1
1950 1949 310
855 355 1
844 344 1
957 456 495
82 81 483
1398 1397 525
1726 1226 1
1477 976 423
1671 1170 534
998 497 433
1977 1477 1
1850 1350 1
1554 1053 568
509 8 347
956 455 468
1245 744 336
1632 1131 539
575 574 396
1896 1895 414
445 444 497
1157 656 403
808 308 1
318 317 417
789 788 414
781 281 1
1015 515 1
522 521 403
177 176 515
619 618 518
565 65 1
1537 1036 495
1363 1362 322
1661 1660 583
834 833 484
1130 630 1
1924 1424 1
564 63 582
601 101 1
1984 1484 1
1102 1101 440
1236 736 1
1612 1611 414
623 122 519
777 276 577
809 309 1
1392 1391 344
1285 785 1
1041 540 338
1881 1381 1
1294 793 332
1348 847 307
605 604 412
515 514 311
658 657 460
1095 594 313
719 218 367
206 205 340
1077 1076 549
324 323 506
1107 1106 364
859 358 468
1079 579 1
1994 1493 464
516 15 320
1040 540 1
1734 1733 586
1256 756 1
1443 1442 342
1285 784 447
1859 1858 411
1138 637 509
579 578 547
1749 1748 569
233 232 544
1186 685 436
1153 652 555
1338 838 1
1658 1657 440
1381 880 413
1429 1428 459
1066 1065 484
1127 1126 531
1652 1152 1
1119 618 534
888 388 1
635 135 1
1807 1307 1
1454 953 436
1738 1737 358
534 533 430
769 269 1
900 399 541
572 72 1
827 826 534
490 489 359
998 997 468
1891 1391 1
774 273 501
1439 938 478
1890 1390 1
451 450 589
1917 1417 1
1166 666 1
1436 936 1
711 211 1
792 791 370
906 406 1
611 111 1
507 7 1
316 315 557
603 102 392
267 266 552
1508 1507 314
1634 1633 397
673 672 537
987 486 525
1469 1468 562
1897 1397 1
1527 1026 459
1748 1247 513
1746 1245 511
1417 916 334
1720 1219 368
637 636 564
836 335 466
1782 1282 1
704 703 521
1049 549 1
967 966 506
1164 1163 495
961 460 390
799 299 1
1962 1462 1
1159 1158 545
1688 1687 392
1405 904 445
713 212 331
984 484 1
1132 1131 487
1517 1017 1
653 152 599
1307 807 1
847 346 347
580 80 1
788 288 1
920 919 497
573 572 424
1623 1122 335
1827 1326 559
1683 1682 565
909 908 396
963 463 1
1006 505 517
973 972 414
613 112 446
1695 1194 581
911 410 539
1373 1372 483
517 516 488
1131 630 457
1174 673 430
1561 1061 1
852 851 489
656 155 560
1829 1328 343
83 82 419
867 366 506
1412 911 463
396 395 518
1345 844 430
1931 1930 583
795 794 390
1913 1412 474
798 797 346
1220 1219 503
216 215 344
1899 1398 388
1275 1274 371
1669 1169 1
1105 605 1
1533 1033 1
1757 1256 332
1895 1395 1
605 105 1
1989 1488 515
767 266 498
1873 1372 333
342 341 520
783 782 306
949 449 1
1941 1940 511
555 54 322
1293 793 1
1365 865 1
565 564 331
865 365 1
1600 1100 1
1428 1427 568
1019 1018 340
675 174 558
1843 1342 554
1651 1150 533
1860 1360 1
1983 1982 441
113 112 528
1862 1362 1
1379 878 470
1598 1098 1
1385 885 1
746 246 1
1904 1404 1
1345 845 1
1120 1119 369
1210 1209 419
1968 1468 1
1346 846 1
1617 1616 539
172 171 356
637 137 1
838 338 1
774 773 572
1185 684 472
1924 1923 344
1475 1474 361
969 468 305
736 236 1
994 993 304
1023 523 1
1770 1269 399
1567 1066 449
1299 798 472
1515 1014 461
1822 1821 521
1586 1086 1
1911 1411 1
1733 1232 409
1023 1022 525
1226 1225 348
1871 1870 312
580 579 303
1664 1163 592
1278 778 1
1648 1148 1
1828 1827 486
1303 803 1
993 493 1
782 282 1
587 86 544
630 129 538
1425 924 354
813 313 1
1949 1449 1
607 107 1
1871 1370 458
770 269 389
1844 1343 354
932 931 445
762 761 519
642 141 519
1316 1315 413
952 451 335
1290 790 1
779 278 550
1215 1214 490
682 181 333
76 75 447
1123 623 1
814 313 363
1771 1770 445
1710 1709 597
487 486 532
1810 1309 357
757 257 1
539 538 502
903 902 495
1970 1969 524
1817 1816 442
543 542 555
1702 1202 1
978 477 362
704 204 1
528 527 540
129 128 471
1955 1454 422
1466 965 470
952 452 1
1367 866 540
1594 1094 1
1909 1409 1
1736 1735 334
904 403 470
1384 884 1
1227 726 559
294 293 446
1269 769 1
269 268 491
200 199 363
1792 1791 422
1606 1106 1
400 399 559
1842 1841 375
1835 1335 1
986 486 1
626 125 505
817 317 1
1223 723 1
1878 1877 371
1684 1683 549
1757 1756 331
1138 1137 484
238 237 473
1588 1587 338
1163 1162 387
1510 1509 540
1559 1059 1
1344 1343 413
244 243 334
1638 1137 568
1600 1099 589
661 161 1
1504 1503 440
799 298 492
1703 1202 338
594 94 1
189 188 382
1732 1232 1
111 110 441
1989 1988 583
1665 1664 439
1931 1430 346
288 287 429
860 859 479
1126 626 1
1225 1224 350
1806 1305 525
708 207 382
610 110 1
554 54 1
1725 1724 473
584 84 1
1624 1123 375
936 935 556
570 70 1
1816 1315 578
515 15 1
1874 1374 1
1704 1203 443
553 52 516
929 928 477
1805 1304 491
1559 1058 391
1975 1475 1
696 195 431
1898 1897 535
525 24 523
834 334 1
969 968 469
1694 1194 1
1598 1597 315
14 13 417
1459 958 452
1645 1145 1
659 159 1
654 154 1
982 481 520
1711 1710 331
1852 1851 532
931 431 1
874 373 341
1418 1417 591
1677 1176 357
527 26 503
1443 942 549
370 369 307
731 730 446
513 13 1
1144 644 1
1055 1054 435
1576 1076 1
945 445 1
569 68 437
1803 1802 560
287 286 436
1263 762 503
1314 813 531
1349 848 424
583 83 1
1693 1692 593
873 373 1
676 175 471
860 360 1
842 342 1
1614 1114 1
1747 1247 1
1559 1558 304
1676 1176 1
683 183 1
1890 1889 468
41 40 580
1758 1257 551
1523 1023 1
1126 1125 480
862 861 589
1497 1496 491
915 914 331
1009 509 1
1774 1274 1
892 391 363
1407 906 568
965 964 304
1019 518 565
828 327 535
1646 1645 396
608 107 556
535 34 479
1894 1893 454
1154 654 1
1832 1331 427
1482 1481 415
818 817 583
1392 891 595
637 136 511
305 304 370
1842 1342 1
553 53 1
440 439 452
1830 1330 1
1812 1811 427
224 223 416
1132 632 1
1149 649 1
1318 818 1
1008 508 1
211 210 551
1467 966 453
1139 639 1
1183 1182 398
699 698 302
1342 842 1
1135 634 456
1755 1254 472
974 973 470
1247 747 1
1337 1336 449
1920 1919 429
1710 1210 1
1399 1398 426
1271 771 1
1205 705 1
486 485 529
886 385 487
1613 1112 413
1224 724 1
828 827 555
1564 1563 472
1678 1178 1
397 396 429
1064 563 426
1721 1720 591
1168 668 1
639 139 1
1550 1549 507
615 614 503
1999 1498 382
811 310 483
1287 786 380
591 90 461
1898 1397 578
1631 1131 1
1179 1178 575
1348 1347 550
1790 1289 583
929 428 309
1695 1694 339
1625 1624 337
1223 1222 446
1748 1747 428
1953 1452 372
530 30 1
1167 667 1
1297 796 487
954 953 593
1603 1102 487
858 358 1
825 324 554
846 345 340
140 139 359
1205 704 310
1809 1309 1
1266 765 433
1584 1083 387
1125 624 563
78 77 473
1154 1153 438
576 575 456
571 570 313
1498 997 352
1547 1046 561
1988 1488 1
124 123 341
778 777 306
1602 1102 1
1089 589 1
1718 1218 1
511 10 312
151 150 427
710 210 1
1308 808 1
1768 1268 1
717 217 1
1349 849 1
221 220 594
1012 1011 308
1714 1213 488
1115 1114 542
1685 1684 317
1776 1275 441
745 244 386
1561 1560 456
1923 1922 304
532 32 1
1148 648 1
800 299 401
274 273 346
510 9 516
525 524 564
1797 1297 1
1627 1126 357
1213 712 360
1675 1674 355
1535 1534 503
881 380 315
1782 1281 473
636 135 540
1998 1497 408
1063 562 597
1124 624 1
1238 738 1
1952 1452 1
915 415 1
562 61 387
1686 1185 386
1099 1098 594
1471 1470 483
924 424 1
1362 862 1
1383 1382 520
1109 609 1
1281 1280 490
1512 1011 486
691 191 1
1282 1281 569
798 298 1
1131 1130 300
1866 1366 1
663 163 1
1694 1693 429
1239 739 1
720 719 466
511 11 1
463 462 416
534 33 376
908 907 337
1216 715 501
869 369 1
661 160 466
592 591 389
1730 1229 508
1889 1388 538
677 676 488
1460 960 1
1431 1430 349
1074 574 1
946 446 1
1208 707 380
1305 804 582
271 270 447
526 25 545
215 214 349
1963 1463 1
930 929 539
1244 1243 589
448 447 454
805 305 1
758 257 500
1113 613 1
1036 1035 459
1943 1443 1
1431 931 1
1549 1049 1
1880 1380 1
768 767 387
164 163 331
1947 1446 550
672 172 1
1957 1456 494
1370 1369 546
1958 1458 1
438 437 475
1125 1124 563
1155 1154 455
1296 795 439
1376 875 335
52 51 427
1134 1133 594
169 168 365
1291 791 1
1786 1785 413
1207 706 473
227 226 406
20 19 407
1234 734 1
920 419 518
562 561 312
820 319 313
1469 968 514
1397 896 500
1488 988 1
1423 922 472
747 246 515
1124 623 358
1601 1100 404
1650 1150 1
611 110 412
518 18 1
133 132 482
251 250 309
589 588 370
1532 1031 319
1578 1077 543
1954 1454 1
694 194 1
171 170 348
1348 848 1
1655 1155 1
1242 741 457
1274 1273 422
1365 864 476
1892 1891 479
700 199 376
256 255 495
1167 666 339
198 197 307
1478 977 373
1246 745 391
1532 1032 1
756 255 572
509 9 1
1418 918 1
1970 1469 385
960 459 403
1902 1901 334
1483 982 403
1800 1299 565
1457 957 1
1773 1272 416
410 409 349
1855 1354 391
890 390 1
1715 1214 550
1862 1361 528
1206 1205 565
372 371 472
1447 946 372
1604 1104 1
234 233 372
1144 643 599
1875 1375 1
975 974 570
1269 768 454
1668 1168 1
1620 1119 578
939 438 466
247 246 575
724 224 1
1265 1264 367
855 854 382
337 336 451
1568 1068 1
31 30 513
1240 739 366
421 420 596
943 442 329
1186 1185 575
1734 1234 1
1073 1072 306
1901 1401 1
982 482 1
1232 731 572
944 444 1
865 364 428
1085 1084 575
877 876 442
618 118 1
326 325 497
761 760 463
1869 1369 1
385 384 589
857 356 498
163 162 574
887 886 521
931 430 467
758 757 324
970 470 1
1774 1773 493
1188 687 413
1072 1071 419
1885 1385 1
1993 1493 1
1156 655 535
1565 1564 551
1002 502 1
538 537 508
1445 945 1
1815 1315 1
1409 1408 386
1755 1255 1
783 282 520
363 362 469
1274 773 570
1070 1069 408
1509 1008 516
889 389 1
643 143 1
965 465 1
1896 1396 1
1322 1321 310
1240 740 1
592 91 507
395 394 434
64 63 582
53 52 567
684 184 1
1729 1228 467
743 242 369
225 224 321
1454 954 1
1644 1144 1
950 449 575
1620 1120 1
905 404 519
1681 1680 301
1280 1279 573
1414 914 1
1670 1169 404
68 67 510
1646 1146 1
360 359 330
715 714 301
1009 508 469
1233 732 371
984 483 547
1521 1020 402
606 105 584
180 179 473
1204 1203 475
1619 1618 416
1113 612 468
1992 1491 332
1303 1302 572
1199 1198 484
1966 1965 465
1918 1418 1
872 371 304
1619 1119 1
861 361 1
121 120 346
1571 1071 1
882 381 347
1964 1463 363
1059 559 1
1634 1133 572
423 422 388
974 474 1
538 38 1
1242 1241 424
1511 1011 1
1960 1460 1
1742 1242 1
1407 1406 508
1150 1149 525
1836 1336 1
1463 963 1
911 411 1
596 96 1
1572 1072 1
1396 895 312
569 568 327
1081 581 1
1908 1907 417
1690 1689 402
854 354 1
1109 1108 334
1248 1247 553
1767 1266 452
1562 1561 463
1640 1140 1
1057 1056 556
1937 1437 1
1390 890 1
673 172 455
1088 588 1
1360 860 1
492 491 359
1663 1163 1
1655 1154 569
1106 606 1
321 320 592
1762 1261 431
1689 1688 520
1783 1782 425
917 916 381
803 303 1
1464 964 1
1406 906 1
1675 1174 557
1444 1443 317
1068 1067 577
1701 1200 453
1325 824 549
861 860 589
1888 1887 384
1641 1640 438
1428 928 1
636 136 1
632 132 1
548 47 459
1449 1448 547
1451 950 366
728 227 412
1884 1383 411
1058 1057 303
878 378 1
1885 1384 303
100 99 452
1870 1869 336
505 4 441
32 31 573
1876 1376 1
543 43 1
904 404 1
373 372 398
1089 1088 349
1026 526 1
1684 1183 401
367 366 546
873 872 580
627 126 477
808 807 376
1570 1070 1
1583 1582 329
1884 1384 1
1140 639 450
2000 1500 1
1623 1123 1
593 92 341
1342 1341 548
745 245 1
1958 1457 316
1750 1249 501
213 212 545
870 369 486
713 712 497
975 474 560
1775 1774 359
1258 1257 346
1063 1062 529
1084 583 597
1630 1130 1
969 469 1
1939 1438 322
1747 1746 479
1808 1307 377
1924 1423 561
672 171 341
1254 754 1
640 139 597
1472 1471 519
1403 1402 536
739 239 1
1111 610 314
1412 912 1
1574 1573 483
751 750 536
1498 1497 521
1332 831 428
1018 517 351
1824 1323 331
1329 1328 470
1042 1041 424
1859 1359 1
1910 1909 384
1422 921 436
235 234 312
1245 1244 327
1292 791 495
1077 577 1
678 177 589
1916 1415 453
772 271 350
1000 500 1
1713 1212 491
1059 558 402
412 411 535
1482 981 322
1909 1408 334
1071 570 504
1774 1273 346
1004 503 450
1567 1566 449
1226 726 1
1753 1253 1
161 160 600
919 418 415
1842 1341 354
196 195 327
1584 1084 1
1993 1492 333
2 1 472
590 90 1
666 166 1
603 602 514
795 295 1
888 387 559
762 262 1
557 56 403
1959 1958 554
1554 1054 1
1483 983 1
1217 717 1
622 122 1
317 316 454
1585 1584 306
767 267 1
629 628 342
1720 1220 1
1763 1262 483
1039 538 370
707 706 502
1433 933 1
1394 1393 503
612 112 1
1305 805 1
1641 1140 300
948 448 1
485 484 468
1947 1946 397
272 271 534
620 619 574
1350 1349 490
1724 1224 1
1951 1451 1
787 287 1
302 301 447
1524 1523 360
36 35 517
732 232 1
1069 1068 490
1772 1272 1
1005 504 313
1022 522 1
1168 667 332
394 393 302
1356 1355 346
733 732 491
1726 1225 557
1910 1409 581
1404 904 1
697 197 1
1992 1492 1
1134 634 1
1678 1677 407
1261 761 1
688 188 1
775 774 493
537 36 540
1475 974 448
1211 710 553
1350 850 1
1762 1761 519
1357 857 1
1745 1245 1
1913 1413 1
1315 815 1
1374 874 1
793 293 1
1021 520 581
1086 585 449
844 343 576
1479 978 304
525 25 1
1257 757 1
913 413 1
560 559 332
1414 1413 376
642 641 311
1868 1368 1
1974 1973 520
1169 668 497
1057 556 531
1287 787 1
1043 1042 303
898 398 1
1488 1487 388
1668 1667 503
1646 1145 436
975 475 1
1846 1345 489
1704 1204 1
836 336 1
1120 619 389
1595 1095 1
757 756 577
192 191 374
1331 830 351
1589 1089 1
999 499 1
1173 672 491
983 982 418
1605 1604 437
1513 1512 343
1074 1073 524
1138 638 1
1127 627 1
581 80 397
962 961 383
630 629 599
819 818 499
1145 1144 399
1907 1406 447
521 20 414
1980 1480 1
1674 1173 560
785 284 469
1178 1177 521
953 453 1
1176 675 421
1538 1038 1
466 465 493
1629 1129 1
1339 839 1
1444 944 1
1235 734 383
875 874 400
1875 1874 476
1421 920 597
1966 1465 442
712 711 452
1129 1128 482
1008 1007 356
1103 602 427
1438 938 1
413 412 448
784 283 573
1059 1058 380
993 992 524
1682 1181 429
168 167 358
1901 1400 478
1834 1833 411
691 190 474
502 1 416
924 423 422
1460 959 362
1844 1843 300
1524 1023 462
1323 823 1
1672 1671 353
821 321 1
1905 1904 579
1519 1019 1
1784 1783 370
1920 1419 561
1050 550 1
730 729 457
1066 566 1
1212 712 1
1425 925 1
759 258 320
1290 789 568
707 207 1
1978 1478 1
1899 1399 1
1270 769 585
1373 873 1
665 664 436
86 85 539
1318 1317 460
719 718 579
439 438 525
1123 1122 547
764 763 356
866 365 403
1029 528 358
995 494 368
576 76 1
1238 1237 500
1030 530 1
1341 1340 548
1436 935 336
1013 512 300
1809 1808 415
1181 680 392
149 148 433
985 485 1
1471 970 301
753 252 562
481 480 314
1228 727 369
1113 1112 302
881 381 1
1506 1505 351
991 990 347
524 24 1
1542 1042 1
1195 694 530
1529 1029 1
855 354 333
1268 767 443
1071 571 1
1105 1104 362
1295 794 372
971 470 584
554 53 531
561 560 600
1564 1063 379
1973 1473 1
586 86 1
1576 1575 385
688 687 393
1384 1383 497
1386 885 595
1529 1028 552
686 685 329
1885 1884 330
1005 505 1
65 64 473
1673 1672 417
340 339 388
641 141 1
1445 944 387
74 73 328
1635 1634 595
932 431 302
310 309 425
661 660 557
606 106 1
1294 794 1
1078 577 438
1176 676 1
1249 1248 445
912 411 447
1988 1487 561
405 404 527
893 393 1
1671 1670 346
1405 905 1
203 202 590
1266 766 1
1921 1420 496
923 922 477
1048 548 1
26 25 461
1246 1245 561
785 784 377
878 377 425
956 456 1
378 377 445
1447 947 1
1950 1450 1
1004 504 1
1004 1003 330
1094 594 1
578 78 1
735 234 395
710 209 587
1629 1128 432
1780 1779 390
1458 958 1
581 81 1
377 376 332
673 173 1
1662 1161 313
1403 903 1
1679 1678 354
1359 859 1
1591 1590 421
606 605 314
1933 1432 412
735 734 422
883 382 452
959 958 320
1340 840 1
1892 1392 1
1375 1374 423
1793 1292 363
281 280 326
327 326 402
1580 1079 319
1736 1236 1
1044 1043 401
460 459 514
1247 746 562
24 23 585
1253 753 1
1978 1477 341
1235 735 1
540 40 1
744 243 486
1369 868 544
1101 601 1
1939 1938 371
381 380 393
635 134 453
1363 863 1
1479 1478 592
1815 1814 478
1210 710 1
1878 1378 1
597 96 415
965 464 522
1193 1192 365
703 202 516
1716 1216 1
1043 543 1
1420 919 444
1096 595 512
1858 1857 370
329 328 500
1821 1320 593
1452 952 1
1823 1322 436
927 426 508
361 360 446
1047 1046 372
470 469 598
1518 1018 1
1170 1169 409
1075 575 1
533 32 358
1638 1637 452
509 508 465
1275 774 481
1196 695 439
1351 851 1
1599 1598 397
1887 1386 497
1248 747 455
935 435 1
677 177 1
866 366 1
1460 1459 597
1526 1026 1
1030 1029 359
1709 1209 1
320 319 424
1476 975 573
1907 1906 408
1478 978 1
1614 1613 399
966 965 517
1825 1325 1
1226 725 529
1492 992 1
930 430 1
1141 640 308
713 213 1
1150 650 1
1236 1235 380
60 59 461
646 645 527
1879 1379 1
558 58 1
1827 1826 448
656 156 1
1987 1486 562
781 780 486
1849 1348 531
1136 1135 440
33 32 451
1370 869 427
705 205 1
940 939 510
1404 903 591
1663 1662 448
1692 1191 554
1540 1039 392
1253 1252 393
1287 1286 309
1756 1755 306
921 420 318
1462 1461 589
839 339 1
678 677 449
1622 1121 579
411 410 411
928 427 505
1991 1491 1
599 598 418
728 228 1
1608 1607 471
1700 1699 462
1344 843 364
1882 1881 557
1773 1273 1
42 41 486
1729 1229 1
1072 571 381
393 392 300
1275 775 1
879 878 577
899 898 449
1859 1358 558
650 649 507
516 16 1
554 553 466
1298 798 1
744 244 1
1050 1049 502
958 457 392
943 443 1
1137 637 1
672 671 336
1203 1202 468
684 683 575
662 161 304
660 159 304
1038 1037 448
1301 800 472
1598 1097 310
652 152 1
1496 1495 441
1590 1589 330
1387 887 1
328 327 598
1424 1423 557
1359 858 353
1612 1111 436
1922 1921 582
1934 1433 521
1079 578 441
629 129 1
343 342 586
1450 1449 476
1642 1141 345
1156 1155 474
1391 1390 314
594 93 556
1455 954 531
755 254 382
583 82 534
1101 1100 433
1084 1083 453
551 50 594
1784 1284 1
1695 1195 1
1389 1388 393
575 74 307
670 170 1
856 355 487
1263 1262 335
675 175 1
504 503 572
1881 1380 353
386 385 534
1759 1758 391
1054 1053 588
237 236 320
1513 1013 1
1124 1123 350
303 302 594
942 441 431
603 103 1
1009 1008 301
1565 1064 446
977 476 595
1703 1702 434
1307 1306 504
1609 1608 366
667 666 326
13 12 589
1750 1250 1
758 258 1
1510 1010 1
1614 1113 357
1401 1400 343
1561 1060 571
178 177 449
1653 1153 1
1766 1266 1
1468 967 404
885 884 552
721 720 336
1114 614 1
1289 788 479
1676 1675 477
1481 980 595
1073 573 1
1530 1029 492
608 108 1
1707 1206 405
1983 1483 1
627 626 516
1087 586 497
1385 1384 593
1557 1056 505
1135 635 1
1730 1729 559
1975 1974 369
1654 1153 457
1513 1012 323
1446 946 1
1662 1162 1
917 416 321
1980 1479 588
1330 829 315
1025 525 1
640 140 1
1775 1275 1
1789 1788 341
767 766 348
1218 718 1
1653 1652 379
1691 1690 333
1563 1562 439
89 88 443
1825 1324 367
1717 1217 1
1239 1238 363
665 164 584
1891 1890 438
483 482 361
586 85 446
553 552 318
1457 1456 599
1928 1927 512
1841 1840 318
1442 1441 334
1555 1054 530
1713 1712 492
1707 1706 326
1035 535 1
824 823 563
230 229 348
546 46 1
1340 1339 445
1036 536 1
1689 1188 390
1927 1926 342
1723 1722 300
561 61 1
1986 1485 543
616 115 583
1770 1769 384
804 304 1
1028 1027 379
1229 1228 577
1636 1136 1
532 31 503
1055 554 441
95 94 520
1094 1093 311
678 178 1
796 795 354
891 391 1
1116 615 373
1685 1184 434
1857 1357 1
1714 1713 422
1626 1126 1
1100 600 1
1697 1196 337
1591 1091 1
1908 1407 337
1045 545 1
590 89 476
1122 622 1
1886 1385 421
1332 832 1
839 338 318
1444 943 341
1616 1116 1
1616 1615 527
750 749 541
1643 1642 487
1851 1350 345
1732 1731 496
1754 1254 1
115 114 363
617 116 550
1545 1544 404
1142 1141 345
1458 957 435
1672 1171 499
977 976 430
823 323 1
1798 1297 350
797 796 318
1841 1340 506
1434 934 1
609 109 1
593 93 1
930 429 401
389 388 520
1972 1971 450
1500 1000 1
1623 1622 586
1229 729 1
10 9 467
1169 669 1
1240 1239 520
1882 1381 507
299 298 515
845 345 1
1531 1031 1
273 272 322
877 376 324
1247 1246 559
936 436 1
842 841 490
1336 1335 326
902 901 477
726 225 336
653 153 1
987 986 487
1352 852 1
997 996 483
153 152 564
1339 1338 322
616 615 316
1578 1078 1
646 146 1
1015 514 568
1104 604 1
1427 927 1
1719 1219 1
1756 1256 1
1824 1823 485
848 847 550
1965 1464 373
1659 1159 1
384 383 322
1260 759 557
1313 813 1
1575 1074 377
850 350 1
1551 1051 1
478 477 332
1597 1097 1
861 360 430
610 609 388
1793 1792 575
150 149 469
1526 1525 378
877 377 1
1340 839 543
1808 1807 509
138 137 480
257 256 330
355 354 493
1386 1385 485
57 56 529
1090 589 587
595 594 429
67 66 471
447 446 592
40 39 436
699 198 409
1153 1152 599
1192 1191 328
1776 1775 317
285 284 554
1260 1259 518
1692 1691 599
1358 1357 592
1584 1583 587
1071 1070 454
1633 1632 341
1379 1378 404
1627 1127 1
1873 1872 322
1289 789 1
1252 751 450
1126 625 419
663 662 496
1284 784 1
254 253 576
914 413 344
204 203 539
1846 1346 1
1907 1407 1
279 278 418
1473 1472 475
110 109 479
1916 1416 1
1502 1001 585
1250 750 1
1922 1422 1
968 967 448
1822 1321 515
1741 1740 350
344 343 459
1050 549 539
1062 562 1
840 340 1
563 562 366
1960 1959 414
1236 735 453
1784 1283 510
1508 1008 1
142 141 583
1416 1415 591
1371 870 465
1329 829 1
533 33 1
1785 1284 364
1070 569 497
1579 1078 590
1621 1121 1
706 205 582
1172 672 1
1409 908 468
720 220 1
1085 584 554
602 101 558
1456 956 1
732 231 426
1102 602 1
1061 560 396
753 752 557
654 653 560
924 923 467
1282 781 535
999 498 398
1985 1485 1
880 379 521
1157 657 1
338 337 420
1213 1212 521
1737 1236 468
1474 1473 399
776 275 568
1486 985 560
1249 748 380
1265 764 460
1412 1411 497
1903 1902 422
304 303 573
821 820 525
1851 1351 1
1856 1356 1
1631 1130 582
741 241 1
513 12 335
611 610 520
1013 1012 503
283 282 311
1197 696 488
1533 1032 432
165 164 515
1313 812 513
1092 591 578
1523 1022 486
920 420 1
1857 1856 362
419 418 372
1863 1362 317
1308 807 559
1311 1310 408
1202 1201 508
102 101 545
455 454 409
959 458 451
1525 1024 314
628 128 1
654 153 591
671 171 1
919 918 397
1540 1040 1
929 429 1
1617 1117 1
981 980 563
1387 1386 302
1487 1486 397
1368 868 1
1011 511 1
905 904 552
1061 561 1
97 96 399
769 268 498
1709 1708 327
911 910 340
214 213 465
1028 528 1
999 998 419
674 173 507
1736 1235 490
1496 995 569
353 352 567
945 444 432
625 125 1
1486 986 1
1502 1002 1
1797 1796 581
1182 681 436
1483 1482 579
1139 638 335
550 549 378
1180 1179 347
388 387 328
1437 936 522
1095 1094 467
1490 990 1
1177 677 1
1890 1389 460
1177 1176 332
1455 1454 470
1310 1309 424
636 635 504
680 179 435
644 643 537
1996 1495 432
1411 1410 312
479 478 376
366 365 485
840 839 364
1953 1952 328
1211 1210 307
1251 751 1
694 193 394
698 198 1
231 230 392
1963 1462 591
1558 1557 435
1378 1377 447
1781 1780 524
1932 1431 545
933 432 455
547 47 1
92 91 522
802 302 1
1278 1277 412
1737 1736 464
1101 600 510
1546 1046 1
640 639 445
703 702 420
1945 1445 1
577 76 518
1879 1878 353
1330 1329 336
1051 550 428
801 301 1
1438 1437 592
1042 541 544
137 136 361
1836 1835 476
1791 1291 1
1481 1480 591
1272 1271 502
585 85 1
515 14 475
1932 1931 584
1699 1199 1
558 557 512
1232 732 1
787 286 359
1221 1220 479
1769 1269 1
884 384 1
925 424 426
1350 849 301
874 873 315
868 367 415
1361 861 1
1316 816 1
499 498 592
791 290 384
99 98 336
1448 947 574
1992 1991 423
1037 537 1
1669 1168 561
907 906 371
780 280 1
1542 1541 593
543 42 481
994 494 1
1824 1324 1
793 292 506
519 19 1
1832 1332 1
125 124 493
1987 1487 1
701 700 453
1820 1320 1
567 67 1
727 726 498
582 82 1
1919 1419 1
978 478 1
503 2 382
1170 670 1
1048 547 309
1753 1752 527
1854 1353 372
871 870 487
1314 1313 447
1611 1111 1
1811 1810 442
1592 1591 515
784 284 1
910 410 1
872 871 599
1216 1215 522
369 368 574
1417 917 1
810 310 1
735 235 1
617 117 1
1159 658 433
529 29 1
473 472 340
1572 1571 404
599 98 528
685 185 1
1335 834 534
1149 1148 530
1432 1431 311
1297 1296 316
1810 1310 1
830 829 540
692 691 587
1053 1052 429
1605 1105 1
1499 998 545
945 944 522
819 318 592
1838 1338 1
1697 1197 1
1509 1009 1
615 115 1
1194 693 470
716 715 541
1991 1490 572
898 897 582
1971 1970 373
1098 1097 487
1243 743 1
465 464 306
1888 1388 1
616 116 1
991 490 306
505 504 452
441 440 450
19 18 504
1934 1933 506
1014 513 486
643 142 585
980 979 569
912 911 585
1324 1323 377
1141 641 1
521 21 1
1863 1363 1
700 699 301
1045 1044 574
1261 1260 320
1092 592 1
633 133 1
5 4 318
907 406 395
696 196 1
1771 1270 402
1027 1026 447
971 471 1
1318 817 409
1680 1180 1
72 71 450
1789 1288 302
1065 565 1
1605 1104 444
1609 1109 1
1027 527 1
777 277 1
731 231 1
765 265 1
408 407 444
940 439 350
1393 892 496
1065 564 369
77 76 406
1773 1772 465
1694 1193 471
693 193 1
689 688 527
1093 592 388
1419 919 1
511 510 402
141 140 307
350 349 320
1770 1270 1
1615 1614 374
1082 582 1
1852 1352 1
1539 1039 1
107 106 339
1477 1476 496
1176 1175 479
1545 1045 1
1768 1267 542
648 147 442
1426 926 1
1866 1865 358
1580 1579 516
114 113 332
1119 1118 416
1597 1096 391
1779 1279 1
1174 674 1
1896 1395 593
1358 858 1
1161 660 558
1556 1555 369
921 920 424
62 61 440
518 17 467
740 239 511
964 463 473
1785 1285 1
1586 1585 321
1908 1408 1
973 472 384
1265 765 1
1424 924 1
843 343 1
619 118 481
1255 755 1
1945 1944 360
609 108 537
1346 1345 501
1752 1251 430
35 34 405
1538 1537 513
103 102 307
916 415 550
1664 1164 1
1769 1768 364
1000 499 585
820 819 423
148 147 365
1781 1281 1
286 285 462
427 426 355
720 219 566
842 341 441
209 208 471
1063 563 1
822 321 389
1563 1063 1
734 233 390
789 289 1
1011 1010 411
1572 1071 543
572 71 361
1828 1327 306
1686 1685 393
43 42 476
1096 596 1
1555 1554 319
805 804 414
1281 781 1
604 603 557
531 530 508
608 607 348
1632 1132 1
1371 871 1
1309 1308 327
1624 1124 1
1335 835 1
1546 1045 471
1185 685 1
868 867 548
1637 1137 1
963 462 480
531 30 446
207 206 439
545 44 374
1231 730 583
507 506 481
1477 977 1
21 20 402
1790 1789 516
1957 1457 1
875 375 1
1396 1395 327
1633 1132 435
641 640 460
407 406 438
1802 1301 517
1309 809 1
1519 1018 507
1973 1472 580
626 126 1
1148 647 381
1306 1305 331
1699 1198 413
1629 1628 363
1995 1494 538
1442 942 1
848 348 1
425 424 418
915 414 306
1725 1224 454
1461 1460 429
1560 1059 493
1468 968 1
560 59 429
1738 1237 434
560 60 1
1397 1396 379
921 421 1
1263 763 1
319 318 462
1446 945 357
1843 1343 1
1739 1238 548
1046 1045 454
614 113 322
1622 1122 1
1107 606 503
947 446 585
849 348 404
1677 1676 486
1193 692 348
1787 1287 1
240 239 498
880 879 457
1007 507 1
1013 513 1
764 263 553
1566 1066 1
619 119 1
1681 1181 1
69 68 424
519 18 413
602 102 1
1227 727 1
1835 1834 588
1840 1340 1
1837 1337 1
1653 1152 375
1248 748 1
1092 1091 324
677 176 464
574 74 1
1786 1286 1
1464 963 410
1690 1189 512
1239 738 590
184 183 538
1963 1962 504
664 663 508
1518 1517 406
130 129 470
432 431 469
1273 773 1
602 601 537
1111 611 1
604 103 400
909 408 346
926 425 496
1464 1463 541
1074 573 364
1919 1418 505
1137 636 567
1011 510 410
1761 1260 579
1957 1956 300
1299 799 1
716 215 371
1454 1453 356
848 347 413
703 203 1
884 883 354
697 696 592
912 412 1
1990 1490 1
1277 777 1
1747 1246 498
1836 1335 570
647 146 420
1685 1185 1
1280 779 556
592 92 1
1352 1351 481
54 53 552
1724 1223 368
1741 1241 1
1383 882 597
347 346 472
1999 1998 479
1427 926 494
1045 544 350
1764 1763 446
1659 1658 312
1656 1156 1
1832 1831 454
761 261 1
1426 925 444
47 46 346
600 599 328
1259 759 1
1489 1488 599
954 454 1
1791 1790 447
1294 1293 394
634 133 520
1901 1900 350
1060 559 532
1543 1042 317
1665 1165 1
928 428 1
706 705 593
820 320 1
282 281 561
1912 1412 1
875 374 309
1937 1936 351
1589 1588 406
122 121 484
1788 1287 553
1647 1146 361
569 69 1
1942 1941 314
919 419 1
716 216 1
1355 1354 320
1322 822 1
375 374 583
197 196 324
1799 1299 1
749 248 395
689 189 1
1381 881 1
1674 1174 1
1398 897 456
1158 1157 586
1716 1215 483
146 145 428
604 104 1
584 583 385
332 331 526
633 132 397
895 394 597
947 447 1
1656 1155 327
1994 1993 428
1762 1262 1
1556 1055 308
1217 1216 481
1719 1718 373
1494 993 538
601 100 597
444 443 305
1471 971 1
1751 1251 1
1693 1193 1
1196 1195 414
1570 1569 560
1276 775 594
1251 750 397
704 203 462
983 482 432
537 536 519
365 364 472
1088 587 510
652 151 300
818 317 448
1200 699 378
726 725 308
1853 1353 1
1502 1501 503
901 400 448
1331 831 1
1377 877 1
1540 1539 485
1323 1322 510
773 772 413
1974 1474 1
1198 698 1
1060 560 1
717 216 474
454 453 402
1740 1239 393
379 378 398
736 735 398
1933 1932 488
676 176 1
1390 889 571
1611 1610 428
1863 1862 596
813 312 493
846 346 1
1212 711 582
998 498 1
3 2 583
1190 689 342
1568 1067 434
2000 1499 481
1820 1319 474
265 264 357
1377 876 308
1956 1455 327
1381 1380 349
219 218 331
1534 1034 1
1452 951 458
1946 1445 575
1651 1151 1
1743 1742 549
686 185 468
1439 939 1
792 292 1
570 569 540
1979 1978 579
1391 890 475
1102 601 498
1312 811 556
1129 629 1
1599 1098 544
1745 1244 504
1391 891 1
334 333 518
1651 1650 453
1585 1085 1
1259 1258 420
902 401 387
956 955 383
2000 1999 394
1596 1095 595
1328 1327 523
16 15 517
623 123 1
477 476 318
1280 780 1
446 445 522
1258 758 1
671 670 595
1553 1053 1
933 932 433
1569 1069 1
781 280 402
1749 1248 525
1705 1205 1
1944 1444 1
1085 585 1
1892 1391 468
336 335 573
656 655 354
1944 1443 334
981 481 1
959 459 1
778 278 1
1680 1179 528
482 481 377
1858 1358 1
1398 898 1
1171 671 1
964 963 409
669 168 333
1642 1641 422
1562 1061 580
542 541 405
1151 1150 419
1490 1489 472
1520 1020 1
900 400 1
1056 555 515
1698 1697 443
1712 1711 519
1579 1578 570
1115 614 579
1213 713 1
1744 1244 1
831 331 1
1183 682 465
556 56 1
1242 742 1
1382 881 461
474 473 564
1939 1439 1
1967 1966 367
1354 853 326
1231 731 1
1865 1365 1
345 344 472
693 692 301
708 707 353
1017 516 361
1321 820 430
1918 1417 446
1137 1136 536
1734 1233 393
902 402 1
1715 1714 473
1500 999 418
761 260 304
574 73 437
747 746 438
1488 987 522
191 190 589
1288 788 1
1833 1832 312
1154 653 512
540 539 478
1601 1101 1
1457 956 468
790 289 417
1936 1935 397
879 379 1
1986 1985 548
1768 1767 305
1136 636 1
1118 617 532
1307 806 308
1276 776 1
1018 1017 352
968 468 1
1933 1433 1
1848 1347 390
1268 768 1
1175 675 1
620 119 413
1897 1896 301
1258 757 383
992 991 412
1255 754 437
424 423 328
1025 524 475
1851 1850 339
1296 1295 391
800 799 402
660 659 470
1218 717 328
867 367 1
1110 609 415
910 909 372
1147 647 1
623 622 522
1504 1003 556
1848 1348 1
1531 1530 356
856 356 1
1757 1257 1
1105 604 352
1200 1199 431
187 186 542
801 300 305
1618 1118 1
890 889 306
1886 1386 1
782 281 586
1539 1538 459
598 97 332
1319 819 1
523 522 557
1135 1134 345
1794 1293 539
1485 984 314
1616 1115 357
506 6 1
220 219 487
484 483 570
728 727 512
695 194 560
1534 1033 519
544 543 501
1422 1421 489
574 573 512
1379 879 1
1854 1354 1
702 701 452
1187 687 1
1715 1215 1
1723 1222 450
1522 1022 1
1679 1178 555
712 212 1
566 65 406
1510 1009 504
152 151 557
1309 808 475
1473 973 1
1189 1188 570
786 785 491
223 222 489
1441 940 307
300 299 308
951 450 562
939 938 472
756 256 1
1439 1438 324
972 971 422
1054 554 1
80 79 360
50 49 582
926 925 412
1882 1382 1
557 57 1
1663 1162 402
755 754 546
1241 741 1
1259 758 465
1696 1695 451
1022 521 361
1351 1350 396
1620 1619 591
1955 1455 1
1706 1206 1
1037 536 320
806 305 507
1178 677 561
112 111 306
765 764 412
1929 1928 575
259 258 548
1220 719 377
1547 1047 1
1787 1286 463
1010 510 1
1114 613 467
1433 932 543
45 44 402
1551 1550 338
727 227 1
1317 817 1
1812 1311 386
1512 1012 1
414 413 377
847 347 1
183 182 505
644 143 593
1291 790 416
585 84 337
1813 1313 1
522 22 1
571 70 485
918 917 443
812 811 409
1321 1320 310
507 6 521
1606 1105 495
794 294 1
687 186 594
724 223 555
852 352 1
1731 1231 1
1826 1325 428
1033 533 1
1839 1339 1
819 319 1
119 118 352
1075 574 330
579 79 1
823 822 480
739 738 456
805 304 322
1014 514 1
1041 541 1
1415 915 1
1628 1127 504
1569 1568 507
1756 1255 537
1995 1495 1
1711 1211 1
1492 1491 544
1582 1581 445
1632 1631 415
744 743 504
670 669 535
135 134 351
1912 1911 485
665 165 1
1286 785 344
1363 862 542
1841 1341 1
398 397 395
1245 745 1
1797 1296 326
723 722 565
245 244 462
1964 1464 1
1621 1120 417
1184 1183 303
1667 1666 434
536 535 595
1100 599 442
644 144 1
98 97 556
587 87 1
741 740 501
548 48 1
709 708 473
1659 1158 414
1573 1572 580
1211 711 1
1742 1241 485
771 271 1
825 325 1
927 427 1
1219 718 383
1264 1263 316
1257 756 345
139 138 403
941 441 1
1895 1394 506
1883 1383 1
1172 1171 449
1128 627 509
1965 1465 1
1361 860 302
1549 1048 526
1235 1234 524
1874 1873 360
309 308 331
1081 580 509
1212 1211 576
1642 1142 1
1624 1623 496
1983 1482 470
895 395 1
1323 822 433
1388 1387 434
1214 713 576
933 433 1
1588 1088 1
806 306 1
981 480 316
829 329 1
1973 1972 439
1494 994 1
155 154 521
84 83 314
1455 955 1
1465 1464 322
682 182 1
845 844 402
1877 1376 404
1617 1116 518
565 64 300
1187 686 357
1858 1357 369
833 832 585
1990 1989 547
1876 1875 317
1191 1190 570
1353 853 1
1331 1330 585
1300 1299 395
1472 972 1
1820 1819 572
1754 1753 453
521 520 461
891 390 374
1738 1238 1
1791 1290 536
1729 1728 595
1025 1024 340
816 815 461
1845 1344 532
1508 1007 367
1409 909 1
901 900 439
1817 1317 1
500 499 531
736 235 571
1690 1190 1
1760 1759 369
1003 1002 323
1327 826 377
986 485 510
1875 1374 575
1829 1828 577
1778 1777 452
1098 598 1
1198 697 433
901 401 1
1558 1058 1
1180 679 508
588 87 401
612 611 388
954 453 354
1163 662 305
1087 587 1
994 493 399
749 249 1
1052 551 447
1273 772 532
1993 1992 303
1450 949 553
729 229 1
106 105 439
1980 1979 341
1562 1062 1
1894 1394 1
1942 1442 1
1165 665 1
1302 801 575
850 349 332
996 995 335
577 576 449
898 397 347
1505 1005 1
1225 724 313
1975 1474 326
1639 1638 357
922 422 1
1230 730 1
1097 596 459
1848 1847 398
738 238 1
1708 1707 468
937 437 1
1272 772 1
1012 512 1
1767 1766 474
1327 827 1
1906 1406 1
659 158 424
1186 686 1
1740 1739 389
1206 706 1
989 988 356
1437 937 1
1576 1075 489
723 223 1
555 55 1
1077 576 382
1910 1410 1
776 775 449
742 242 1
1448 1447 581
1040 1039 517
1185 1184 559
1930 1929 390
1423 923 1
926 426 1
1158 657 511
1492 991 360
1260 760 1
1972 1472 1
1047 547 1
1128 1127 596
739 238 393
1450 950 1
1870 1369 388
1902 1402 1
1262 761 368
953 452 409
331 330 574
1952 1451 433
799 798 355
1603 1602 598
1037 1036 568
1536 1535 379
194 193 385
1365 1364 326
1244 744 1
1700 1200 1
683 682 432
1380 879 345
1611 1110 581
1440 939 376
1637 1136 416
380 379 378
1041 1040 426
1435 934 527
415 414 519
768 268 1
1079 1078 422
505 5 1
849 349 1
577 77 1
1244 743 365
1548 1547 360
1935 1934 420
1834 1333 381
833 333 1
1505 1504 420
563 63 1
117 116 504
536 36 1
903 402 455
729 228 336
864 863 461
1262 762 1
1188 688 1
970 469 496
1733 1732 559
705 204 573
596 95 379
752 252 1
972 472 1
1602 1601 439
1764 1263 589
376 375 375
922 421 477
1529 1528 375
1341 841 1
1123 622 507
940 440 1
625 624 531
1237 736 430
1320 819 582
226 225 507
1269 1268 368
491 490 538
976 475 341
1279 1278 575
913 912 549
1304 1303 492
1674 1673 580
1070 570 1
1106 1105 467
1351 850 373
670 169 451
787 786 543
94 93 487
1360 859 522
1487 986 417
1676 1175 558
832 331 378
1763 1762 570
607 606 454
1780 1280 1
1604 1603 437
1209 708 460
66 65 526
1719 1218 514
1481 981 1
1792 1291 525
46 45 301
830 330 1
775 275 1
188 187 407
817 816 507
1753 1252 437
621 120 552
763 262 376
1026 1025 402
1094 593 502
1229 728 407
913 412 421
1927 1427 1
906 905 385
1325 1324 507
1343 843 1
190 189 363
1182 1181 318
1393 893 1
1626 1125 511
1118 1117 445
649 648 413
1402 902 1
1652 1651 568
1949 1448 369
186 185 554
504 4 1
1354 1353 424
1828 1328 1
1284 1283 362
1073 572 498
1982 1981 412
1625 1124 497
1968 1967 372
1593 1092 552
748 247 349
1410 1409 379
1866 1365 373
649 148 481
1670 1669 510
1078 578 1
973 473 1
1772 1271 500
845 344 526
1334 833 560
307 306 544
1777 1277 1
1804 1803 308
523 23 1
1745 1744 419
951 451 1
818 318 1
557 556 586
1161 1160 476
976 476 1
1934 1434 1
1165 1164 459
1687 1186 408
8 7 585
134 133 493
992 492 1
104 103 456
1064 1063 387
118 117 578
1298 797 582
1343 842 353
582 581 420
93 92 397
1952 1951 458
1871 1371 1
648 647 524
1511 1010 579
101 100 355
1761 1261 1
826 326 1
1697 1696 458
450 449 399
1160 1159 312
1722 1721 424
1654 1154 1
175 174 396
1241 1240 369
1668 1167 459
1673 1173 1
1310 810 1
1288 787 546
1900 1899 538
1215 714 422
1270 1269 338
1475 975 1
749 748 311
1052 1051 499
1717 1716 554
1969 1468 378
1042 542 1
1965 1964 419
502 2 1
1981 1980 314
1112 612 1
1792 1292 1
1357 856 397
1388 887 474
832 332 1
1800 1300 1
1479 979 1
426 425 538
693 192 478
709 209 1
402 401 361
1170 669 502
723 222 420
1031 1030 600
796 295 407
522 21 344
132 131 401
683 182 480
852 351 411
589 89 1
827 326 541
1162 662 1
241 240 553
1518 1017 574
1571 1070 543
276 275 338
1946 1446 1
1311 810 500
598 597 560
1389 888 352
1301 1300 307
1766 1765 487
1925 1425 1
894 893 381
1020 520 1
1110 1109 447
788 787 543
1181 681 1
570 69 512
780 779 439
722 222 1
1304 803 474
868 368 1
1273 1272 575
1429 929 1
1802 1302 1
1779 1778 452
1325 825 1
1558 1057 591
1098 597 483
1796 1296 1
1222 721 525
1542 1041 485
1305 1304 471
568 67 315
1682 1182 1
1856 1355 375
710 709 567
721 220 503
1155 654 439
708 208 1
1142 641 489
409 408 378
1751 1250 525
1400 899 474
645 644 460
1019 519 1
1402 1401 500
1499 1498 544
697 196 438
552 52 1
1480 979 522
1394 893 561
893 892 489
382 381 560
851 850 569
1984 1483 432
1565 1065 1
1432 932 1
807 806 465
1394 894 1
349 348 449
567 566 561
707 206 517
1326 826 1
1525 1524 554
469 468 564
201 200 418
1163 663 1
1112 1111 481
1001 501 1
1864 1364 1
615 114 596
1115 615 1
541 40 592
760 260 1
371 370 313
1514 1014 1
662 661 568
1940 1440 1
1716 1715 495
1555 1055 1
1366 1365 417
718 218 1
1476 976 1
817 316 481
131 130 566
1658 1157 515
1609 1108 369
610 109 346
1831 1331 1
1803 1303 1
323 322 548
1016 1015 525
896 396 1
586 585 348
532 531 557
1786 1285 443
652 651 310
1435 1434 352
1769 1268 489
971 970 570
517 16 359
1755 1754 308
239 238 600
1028 527 305
1799 1298 580
1286 1285 517
1022 1021 504
1971 1470 425
598 98 1
1712 1212 1
1465 965 1
199 198 549
1178 678 1
1290 1289 523
493 492 329
1441 1440 452
1456 955 467
1246 746 1
863 862 395
1761 1760 445
1855 1355 1
958 458 1
828 328 1
1016 516 1
1771 1271 1
61 60 314
1528 1027 390
1199 699 1
520 20 1
1058 558 1
690 189 420
854 353 314
1640 1139 462
566 66 1
1469 969 1
1887 1387 1
1200 700 1
1804 1303 488
512 12 1
886 885 381
587 586 442
1408 908 1
1883 1882 348
687 187 1
977 477 1
1950 1449 384
937 436 346
1962 1461 326
1058 557 395
1171 1170 308
1593 1592 424
892 392 1
1978 1977 488
392 391 481
1441 941 1
667 167 1
1257 1256 543
1677 1177 1
568 68 1
932 432 1
1985 1984 435
1167 1166 439
1550 1050 1
1522 1521 574
81 80 403
1698 1198 1
1521 1021 1
1324 824 1
1754 1253 520
1613 1612 427
185 184 574
1981 1480 591
1534 1533 354
826 825 440
1813 1312 326
1932 1432 1
750 249 448
783 283 1
1423 1422 364
1867 1866 424
809 308 559
1998 1498 1
854 853 440
807 307 1
695 195 1
869 868 558
967 466 309
535 35 1
1136 635 468
1999 1499 1
1660 1160 1
769 768 417
668 167 569
1378 878 1
537 37 1
1364 1363 382
748 248 1
1056 1055 591
1438 937 473
1799 1798 469
357 356 304
961 960 592
1938 1438 1
1604 1103 300
1585 1084 323
1778 1277 399
1262 1261 403
109 108 541
404 403 418
1566 1565 544
431 430 580
1536 1035 374
1583 1083 1
1449 949 1
1370 870 1
270 269 401
1039 539 1
253 252 368
591 91 1
1283 782 461
1705 1704 562
936 435 339
900 899 364
1333 832 537
73 72 338
572 571 444
638 138 1
851 351 1
1665 1164 544
680 180 1
775 274 573
1956 1955 332
1688 1188 1
1360 1359 522
731 230 439
1333 1332 397
837 337 1
162 161 352
1581 1580 426
1599 1099 1
1699 1698 403
674 673 444
558 57 341
896 395 344
1320 1319 562
1024 1023 569
1416 916 1
403 402 305
617 616 400
59 58 530
814 314 1
1711 1210 550
1408 1407 400
356 355 440
706 206 1
1097 1096 337
1107 607 1
1553 1052 474
1386 886 1
923 423 1
1031 530 375
803 802 313
812 312 1
1578 1577 506
1497 996 337
1456 1455 462
1282 782 1
770 769 408
1575 1574 349
157 156 329
1030 529 316
1741 1240 409
925 924 599
1140 640 1
1127 626 330
1548 1048 1
816 315 325
1420 920 1
1006 506 1
1817 1316 507
722 721 453
960 959 552
1810 1809 427
1819 1319 1
1847 1846 340
942 442 1
1250 749 594
1577 1077 1
612 111 380
883 882 334
9 8 302
876 875 305
1338 1337 530
4 3 530
1516 1016 1
595 94 526
1735 1235 1
1788 1787 436
1112 611 334
1580 1080 1
622 621 432
1003 503 1
1681 1180 477
1267 767 1
158 157 367
217 216 522
1953 1453 1
1366 866 1
1701 1201 1
1243 742 509
778 277 527
858 857 304
1267 766 552
1049 1048 533
1218 1217 465
1497 997 1
664 164 1
1103 603 1
1034 533 336
1657 1156 312
1130 629 417
980 479 513
1560 1559 388
1053 553 1
1133 633 1
1232 1231 394
1421 921 1
1917 1916 420
935 434 598
1091 590 552
1493 992 493
1434 933 581
1143 642 380
1243 1242 546
7 6 490
1728 1727 412
997 497 1
1198 1197 435
1054 553 378
1065 1064 333
1201 700 416
1251 1250 316
946 945 567
658 158 1
1120 620 1
1376 1375 422
1377 1376 522
1735 1234 483
250 249 548
1818 1317 326
1020 519 541
1568 1567 523
1955 1954 408
668 667 471
651 150 377
506 505 377
523 22 340
724 723 544
1930 1429 325
1514 1013 558
232 231 512
1962 1961 458
1657 1157 1
1361 1360 557
1795 1794 557
1880 1879 312
1946 1945 509
576 75 585
814 813 363
1311 811 1
1378 877 311
1252 1251 421
524 523 342
1984 1983 433
681 680 370
1865 1864 455
1489 989 1
1036 535 330
888 887 509
1733 1233 1
679 178 518
1310 809 485
1594 1093 433
51 50 402
843 842 552
1970 1470 1
1440 1439 448
1765 1265 1
995 994 500
1537 1037 1
1812 1312 1
866 865 453
1560 1060 1
1072 572 1
1214 714 1
1573 1072 479
1407 907 1
589 88 578
712 211 595
1795 1294 327
944 943 352
1315 1314 582
1615 1114 458
1405 1404 585
1997 1496 558
295 294 370
1517 1516 456
1587 1087 1
1861 1860 335
1961 1960 413
1143 643 1
734 733 478
1649 1648 480
1643 1142 343
1709 1208 576
1147 1146 552
1316 815 600
1974 1473 552
1498 998 1
1225 725 1
850 849 395
1648 1147 404
648 148 1
1704 1703 438
601 600 566
870 370 1
1658 1158 1
1132 631 572
1637 1636 347
983 483 1
1364 864 1
726 226 1
1554 1553 504
462 461 354
1459 1458 575
91 90 543
1375 874 379
1371 1370 499
176 175 573
1485 985 1
1334 1333 329
966 466 1
1215 715 1
575 75 1
1813 1812 310
1228 728 1
459 458 563
517 17 1
1595 1094 547
260 259 469
1086 586 1
1298 1297 326
1998 1997 315
166 165 417
631 630 372
1380 880 1
596 595 383
692 191 382
1900 1400 1
1501 1001 1
1543 1043 1
1047 546 310
1814 1314 1
428 427 330
1090 1089 369
1968 1467 566
1184 683 562
1630 1629 506
555 554 325
1538 1037 486
1670 1170 1
1091 591 1
1406 905 590
1541 1040 564
738 737 404
1174 1173 520
1942 1441 372
1122 1121 300
1516 1515 400
1680 1679 404
1852 1351 588
1461 961 1
1006 1005 316
520 519 389
588 88 1
970 969 467
649 149 1
1850 1349 478
1590 1090 1
1618 1617 529
1902 1401 600
1264 763 388
1083 583 1
835 334 443
1726 1725 385
1279 778 597
502 501 393
1789 1289 1
293 292 379
860 359 505
330 329 543
917 417 1
456 455 510
1434 1433 392
519 518 587
1539 1038 522
1122 621 391
1994 1494 1
1982 1481 444
1003 502 426
1698 1197 322
711 710 371
1395 894 406
1615 1115 1
1567 1067 1
928 927 409
796 296 1
1822 1322 1
715 214 414
651 650 515
948 947 592
275 274 441
810 309 509
401 400 398
1401 901 1
837 336 540
1691 1190 549
841 341 1
1718 1217 502
581 580 442
518 517 410
1253 752 342
653 652 451
1284 783 346
1551 1050 307
1490 989 581
1024 524 1
1886 1885 311
1897 1396 530
1644 1643 376
341 340 460
1286 786 1
1411 910 533
1700 1199 315
1876 1375 434
1164 664 1
514 13 583
1936 1436 1
772 771 488
364 363 498
1146 646 1
1088 1087 389
1519 1518 517
1202 702 1
837 836 358
1007 506 380
627 127 1
420 419 344
1995 1994 395
1099 598 534
205 204 308
743 243 1
645 145 1
514 513 489
1535 1035 1
1889 1389 1
1883 1382 501
173 172 377
1838 1337 491
738 237 549
1139 1138 557
886 386 1
1868 1367 453
559 59 1
1021 521 1
503 502 319
1274 774 1
541 41 1
859 858 542
524 23 544
1628 1128 1
1918 1917 452
1249 749 1
322 321 398
1033 1032 482
1926 1925 402
1250 1249 568
1622 1621 573
1484 1483 545
1600 1599 559
1069 568 534
1304 804 1
607 106 341
1191 691 1
889 888 565
1826 1825 578
714 213 578
840 339 541
790 290 1
1413 912 410
1230 729 487
359 358 474
1930 1430 1
1807 1806 518
1480 1479 321
1082 1081 462
621 620 582
988 488 1
573 73 1
1067 567 1
1319 818 469
953 952 544
1894 1393 380
1044 544 1
1834 1334 1
812 311 451
1320 820 1
301 300 389
520 19 531
1683 1182 335
1945 1444 345
1960 1459 383
1427 1426 424
1776 1276 1
859 359 1
719 219 1
967 467 1
1326 1325 517
702 201 409
1602 1101 511
277 276 515
1686 1186 1
48 47 395
1878 1377 530
1650 1649 473
671 170 459
1743 1243 1
1667 1166 432
1228 1227 373
655 155 1
1977 1476 469
1915 1414 552
638 637 377
1367 1366 597
1204 703 487
1356 856 1
1823 1822 475
1029 529 1
797 296 365
549 49 1
1821 1321 1
284 283 422
144 143 514
1940 1939 532
1293 792 536
1610 1110 1
291 290 348
1833 1332 544
1116 1115 359
746 245 392
1333 833 1
530 529 415
480 479 309
614 613 334
1573 1073 1
839 838 470
1038 538 1
1862 1861 502
946 445 349
853 352 594
335 334 527
1424 923 504
496 495 547
1395 1394 581
685 184 540
1521 1520 348
1581 1080 331
1948 1448 1
264 263 513
1374 1373 361
1173 1172 392
1203 703 1
941 440 504
980 480 1
1480 980 1
1068 567 420
1222 722 1
472 471 414
1557 1057 1
989 489 1
944 443 340
1688 1187 556
1765 1764 435
1277 776 434
938 937 387
897 896 548
988 987 320
1880 1379 566
987 487 1
1552 1551 572
1750 1749 317
1278 777 399
857 856 456
1020 1019 367
1635 1135 1
766 265 589
1702 1201 472
680 679 391
545 544 532
1429 928 521
1922 1421 302
1959 1459 1
1080 1079 363
1283 1282 364
1802 1801 519
685 684 389
530 29 515
127 126 433
791 790 521
829 328 556
312 311 392
1777 1776 406
1740 1240 1
1033 532 406
1570 1069 335
759 758 466
1046 545 306
996 495 487
546 45 385
774 274 1
872 372 1
660 160 1
1621 1620 493
1462 962 1
766 765 551
1666 1665 595
467 466 392
899 399 1
1234 733 500
1347 847 1
504 3 436
1485 1484 385
1548 1047 589
1678 1177 454
1321 821 1
639 638 413
1117 617 1
584 83 588
903 403 1
718 717 588
1463 1462 411
1038 537 510
1108 607 584
1597 1596 424
1929 1428 531
1857 1356 449
1406 1405 472
766 266 1
1877 1377 1
947 946 459
1010 1009 462
1453 952 598
1827 1327 1
962 462 1
564 64 1
1720 1719 407
1329 828 574
1853 1852 390
255 254 360
1195 695 1
1635 1134 349
1874 1373 553
1587 1086 485
1007 1006 540
985 484 579
698 697 579
1710 1209 557
1522 1021 365
1577 1076 368
1499 999 1
908 408 1
527 27 1
1801 1800 388
1976 1975 402
1121 620 337
1785 1784 350
1727 1227 1
722 221 512
646 145 414
583 582 336
1116 616 1
835 335 1
1914 1913 565
1672 1172 1
417 416 464
1462 961 323
1520 1019 581
824 323 308
1705 1204 580
351 350 583
1496 996 1
1801 1301 1
1905 1404 369
1214 1213 520
918 418 1
1279 779 1
1780 1279 445
1524 1024 1
1972 1471 377
1158 658 1
1451 951 1
1587 1586 470
1708 1208 1
1197 697 1
737 236 442
298 297 350
1514 1513 424
1782 1781 476
266 265 502
800 300 1
159 158 418
1415 1414 538
547 546 346
1640 1639 496
1353 852 497
313 312 485
1898 1398 1
779 778 543
1039 1038 502
847 846 411
941 940 599
508 507 485
167 166 528
1708 1207 498
1722 1222 1
1728 1227 467
976 975 511
1373 872 486
792 291 518
1152 1151 345
1133 1132 370
457 456 393
838 837 456
506 5 532
1556 1056 1
762 261 304
1971 1471 1
1082 581 525
1819 1818 504
508 7 364
696 695 427
986 985 394
1684 1184 1
1905 1405 1
1193 693 1
955 454 345
1081 1080 584
1206 705 362
25 24 499
1416 915 478
1403 902 364
597 97 1
1594 1593 514
1982 1482 1
1134 633 534
1746 1246 1
927 926 494
1223 722 451
1887 1886 554
1237 1236 312
934 933 361
691 690 435
1354 854 1
979 479 1
935 934 314
1364 863 321
208 207 450
1869 1368 377
622 121 457
1815 1314 576
1895 1894 566
1153 653 1
1172 671 421
894 393 330
1911 1410 405
1794 1793 587
