100 3124 1 2
18 46 1
15 41 1
20 32 1
4 46 1
9 51 1
11 32 1
16 41 1
19 42 1
1 7 25
22 43 1
1 20 25
5 49 1
11 45 1
26 29 1
11 52 1
7 31 1
11 46 1
17 50 1
7 51 1
22 46 1
13 30 1
25 39 1
22 28 1
10 47 1
1 14 25
6 34 1
14 47 1
14 40 1
3 43 1
7 44 1
8 35 1
16 29 1
21 49 1
21 39 1
22 35 1
17 35 1
9 33 1
9 30 1
5 29 1
17 41 1
11 39 1
12 30 1
3 49 1
6 45 1
11 41 1
13 44 1
21 31 1
23 47 1
11 43 1
13 32 1
8 32 1
20 41 1
14 33 1
17 32 1
22 34 1
25 30 1
1 24 25
18 45 1
20 42 1
24 32 1
16 47 1
23 50 1
8 37 1
21 34 1
1 18 25
26 49 1
14 41 1
8 31 1
22 37 1
26 31 1
14 44 1
25 38 1
15 48 1
16 36 1
21 42 1
5 38 1
22 31 1
9 39 1
12 29 1
8 29 1
17 40 1
8 44 1
16 38 1
21 44 1
23 36 1
4 45 1
1 5 25
9 40 1
22 44 1
4 41 1
14 30 1
21 52 1
4 48 1
18 51 1
24 52 1
8 42 1
19 37 1
11 50 1
9 44 1
25 50 1
26 38 1
4 35 1
11 37 1
5 52 1
24 31 1
34 2 25
25 33 1
4 49 1
27 42 1
7 30 1
9 50 1
10 48 1
5 42 1
17 30 1
5 37 1
4 34 1
10 33 1
17 45 1
17 36 1
24 29 1
4 28 1
12 37 1
37 2 25
10 37 1
5 28 1
18 30 1
1 8 25
19 40 1
5 32 1
24 49 1
1 13 25
5 40 1
4 43 1
9 32 1
1 23 25
14 46 1
27 38 1
48 2 25
16 42 1
20 49 1
16 52 1
25 42 1
12 43 1
24 33 1
6 41 1
17 43 1
7 38 1
27 31 1
6 50 1
20 48 1
8 48 1
25 47 1
19 50 1
26 34 1
42 2 25
30 2 25
9 29 1
16 50 1
3 42 1
5 50 1
20 44 1
23 43 1
9 37 1
10 29 1
20 46 1
23 38 1
17 52 1
6 52 1
44 2 25
14 34 1
27 47 1
19 48 1
5 41 1
8 51 1
24 51 1
7 35 1
7 49 1
13 45 1
24 43 1
18 33 1
21 46 1
10 35 1
9 28 1
9 41 1
14 31 1
15 35 1
14 36 1
22 32 1
1 3 25
22 36 1
3 32 1
18 28 1
3 28 1
8 39 1
33 2 25
25 45 1
27 50 1
18 34 1
14 48 1
17 28 1
22 49 1
13 38 1
7 40 1
10 52 1
4 29 1
20 31 1
12 52 1
14 43 1
4 42 1
8 30 1
10 44 1
25 48 1
5 35 1
13 28 1
49 2 25
19 47 1
15 31 1
15 34 1
26 36 1
1 9 25
43 2 25
24 38 1
12 34 1
13 41 1
5 31 1
20 45 1
40 2 25
25 52 1
14 28 1
20 29 1
6 42 1
15 33 1
23 37 1
16 46 1
11 48 1
11 29 1
27 28 1
18 52 1
19 45 1
15 40 1
12 47 1
17 39 1
23 33 1
26 44 1
17 48 1
19 32 1
10 41 1
23 45 1
14 50 1
1 11 25
14 49 1
10 49 1
16 45 1
5 45 1
6 28 1
1 10 25
22 51 1
19 35 1
27 35 1
13 34 1
21 33 1
14 39 1
17 47 1
29 2 25
24 46 1
3 37 1
11 44 1
7 29 1
19 30 1
8 36 1
5 44 1
23 52 1
14 32 1
24 35 1
25 29 1
20 52 1
4 37 1
12 50 1
19 38 1
13 31 1
13 52 1
27 41 1
20 47 1
25 44 1
26 47 1
12 32 1
24 47 1
19 39 1
24 40 1
12 46 1
3 34 1
3 36 1
9 35 1
27 34 1
10 32 1
5 30 1
6 47 1
11 30 1
14 29 1
16 44 1
19 29 1
22 38 1
26 32 1
13 36 1
6 44 1
1 19 25
12 44 1
19 31 1
22 47 1
3 33 1
21 29 1
22 52 1
5 48 1
20 34 1
10 51 1
15 39 1
10 43 1
21 43 1
7 48 1
27 44 1
25 36 1
7 28 1
22 42 1
8 45 1
17 29 1
5 46 1
15 32 1
25 49 1
8 52 1
13 39 1
16 31 1
4 39 1
4 47 1
17 37 1
17 34 1
15 50 1
27 51 1
23 35 1
18 42 1
21 36 1
18 36 1
13 51 1
24 37 1
15 38 1
27 48 1
3 30 1
15 45 1
5 43 1
7 43 1
4 44 1
27 32 1
18 29 1
31 2 25
26 45 1
23 29 1
3 39 1
20 36 1
23 49 1
13 48 1
18 40 1
52 2 25
12 40 1
4 50 1
13 49 1
27 29 1
7 47 1
8 50 1
3 31 1
21 47 1
9 47 1
19 51 1
18 35 1
16 43 1
5 39 1
15 28 1
26 51 1
16 48 1
18 32 1
12 28 1
7 46 1
9 52 1
23 30 1
10 42 1
25 41 1
21 28 1
6 37 1
12 31 1
26 42 1
23 39 1
21 50 1
1 26 25
1 4 25
16 51 1
14 37 1
10 39 1
18 44 1
23 28 1
5 47 1
3 40 1
12 45 1
11 38 1
24 45 1
20 40 1
16 40 1
13 46 1
15 36 1
16 37 1
25 34 1
12 48 1
20 50 1
8 34 1
4 38 1
12 42 1
23 46 1
20 35 1
17 51 1
8 41 1
6 51 1
6 31 1
7 42 1
20 39 1
7 33 1
10 38 1
10 28 1
6 46 1
12 49 1
13 40 1
13 42 1
16 33 1
11 36 1
25 40 1
20 28 1
11 47 1
7 34 1
1 12 25
26 41 1
20 51 1
11 42 1
12 39 1
20 37 1
21 48 1
21 45 1
18 49 1
21 38 1
25 35 1
3 52 1
22 30 1
21 37 1
24 30 1
5 51 1
9 49 1
9 46 1
22 40 1
15 51 1
25 37 1
22 29 1
35 2 25
26 30 1
18 41 1
24 28 1
12 51 1
5 33 1
26 33 1
18 39 1
9 48 1
26 43 1
11 34 1
6 39 1
22 39 1
16 34 1
11 33 1
24 50 1
17 44 1
11 40 1
27 46 1
3 47 1
17 49 1
12 38 1
36 2 25
24 44 1
15 43 1
3 51 1
9 45 1
7 50 1
17 31 1
19 43 1
38 2 25
32 2 25
11 35 1
12 33 1
18 48 1
3 50 1
27 37 1
10 34 1
10 36 1
46 2 25
27 33 1
27 43 1
6 32 1
16 39 1
8 43 1
10 45 1
16 32 1
18 37 1
14 45 1
18 31 1
26 40 1
26 39 1
4 40 1
17 33 1
10 50 1
13 35 1
7 36 1
19 33 1
23 41 1
22 33 1
22 48 1
8 33 1
26 48 1
24 48 1
27 45 1
11 28 1
11 49 1
3 48 1
21 30 1
19 41 1
19 28 1
3 41 1
12 36 1
21 40 1
27 30 1
26 35 1
9 42 1
8 47 1
26 52 1
25 46 1
3 38 1
10 30 1
3 44 1
4 31 1
12 41 1
20 43 1
13 47 1
19 46 1
47 2 25
15 44 1
51 2 25
4 33 1
8 46 1
25 32 1
13 29 1
18 47 1
16 30 1
20 38 1
39 2 25
26 50 1
21 35 1
27 36 1
14 52 1
7 45 1
6 38 1
15 49 1
21 32 1
15 47 1
4 52 1
1 17 25
15 52 1
1 25 25
26 37 1
22 41 1
3 45 1
20 33 1
6 35 1
7 39 1
6 40 1
45 2 25
27 49 1
6 43 1
6 49 1
23 34 1
15 30 1
23 32 1
10 46 1
15 42 1
1 21 25
18 38 1
19 36 1
24 34 1
27 40 1
13 50 1
28 2 25
10 31 1
15 29 1
18 43 1
19 52 1
6 33 1
6 30 1
21 51 1
9 43 1
11 31 1
4 32 1
16 49 1
13 37 1
15 46 1
25 28 1
7 52 1
24 39 1
23 44 1
15 37 1
4 51 1
17 42 1
13 33 1
24 36 1
5 34 1
24 41 1
3 29 1
20 30 1
4 36 1
19 44 1
25 51 1
17 46 1
12 35 1
6 48 1
13 43 1
23 51 1
3 35 1
1 27 25
6 29 1
8 49 1
41 2 25
9 36 1
10 40 1
26 28 1
27 39 1
4 30 1
17 38 1
9 31 1
9 34 1
1 16 25
14 38 1
8 28 1
9 38 1
23 42 1
11 51 1
14 42 1
23 31 1
6 36 1
23 40 1
1 22 25
23 48 1
8 40 1
1 15 25
25 43 1
22 45 1
16 35 1
8 38 1
1 6 25
50 2 25
5 36 1
7 37 1
14 35 1
22 50 1
19 49 1
18 50 1
24 42 1
19 34 1
26 46 1
16 28 1
7 32 1
25 31 1
27 52 1
7 41 1
21 41 1
14 51 1
3 46 1
53 3 25
53 28 25
53 4 25
53 29 25
53 5 25
53 30 25
53 6 25
53 31 25
53 7 25
53 32 25
53 8 25
53 33 25
53 9 25
53 34 25
53 10 25
53 35 25
53 11 25
53 36 25
53 12 25
53 37 25
53 13 25
53 38 25
53 14 25
53 39 25
53 15 25
53 40 25
53 16 25
53 41 25
53 17 25
53 42 25
53 18 25
53 43 25
53 19 25
53 44 25
53 20 25
53 45 25
53 21 25
53 46 25
53 22 25
53 47 25
53 23 25
53 48 25
53 24 25
53 49 25
53 25 25
53 50 25
53 26 25
53 51 25
53 27 25
53 52 25
54 3 25
54 28 25
54 4 25
54 29 25
54 5 25
54 30 25
54 6 25
54 31 25
54 7 25
54 32 25
54 8 25
54 33 25
54 9 25
54 34 25
54 10 25
54 35 25
54 11 25
54 36 25
54 12 25
54 37 25
54 13 25
54 38 25
54 14 25
54 39 25
54 15 25
54 40 25
54 16 25
54 41 25
54 17 25
54 42 25
54 18 25
54 43 25
54 19 25
54 44 25
54 20 25
54 45 25
54 21 25
54 46 25
54 22 25
54 47 25
54 23 25
54 48 25
54 24 25
54 49 25
54 25 25
54 50 25
54 26 25
54 51 25
54 27 25
54 52 25
55 3 25
55 28 25
55 4 25
55 29 25
55 5 25
55 30 25
55 6 25
55 31 25
55 7 25
55 32 25
55 8 25
55 33 25
55 9 25
55 34 25
55 10 25
55 35 25
55 11 25
55 36 25
55 12 25
55 37 25
55 13 25
55 38 25
55 14 25
55 39 25
55 15 25
55 40 25
55 16 25
55 41 25
55 17 25
55 42 25
55 18 25
55 43 25
55 19 25
55 44 25
55 20 25
55 45 25
55 21 25
55 46 25
55 22 25
55 47 25
55 23 25
55 48 25
55 24 25
55 49 25
55 25 25
55 50 25
55 26 25
55 51 25
55 27 25
55 52 25
56 3 25
56 28 25
56 4 25
56 29 25
56 5 25
56 30 25
56 6 25
56 31 25
56 7 25
56 32 25
56 8 25
56 33 25
56 9 25
56 34 25
56 10 25
56 35 25
56 11 25
56 36 25
56 12 25
56 37 25
56 13 25
56 38 25
56 14 25
56 39 25
56 15 25
56 40 25
56 16 25
56 41 25
56 17 25
56 42 25
56 18 25
56 43 25
56 19 25
56 44 25
56 20 25
56 45 25
56 21 25
56 46 25
56 22 25
56 47 25
56 23 25
56 48 25
56 24 25
56 49 25
56 25 25
56 50 25
56 26 25
56 51 25
56 27 25
56 52 25
57 3 25
57 28 25
57 4 25
57 29 25
57 5 25
57 30 25
57 6 25
57 31 25
57 7 25
57 32 25
57 8 25
57 33 25
57 9 25
57 34 25
57 10 25
57 35 25
57 11 25
57 36 25
57 12 25
57 37 25
57 13 25
57 38 25
57 14 25
57 39 25
57 15 25
57 40 25
57 16 25
57 41 25
57 17 25
57 42 25
57 18 25
57 43 25
57 19 25
57 44 25
57 20 25
57 45 25
57 21 25
57 46 25
57 22 25
57 47 25
57 23 25
57 48 25
57 24 25
57 49 25
57 25 25
57 50 25
57 26 25
57 51 25
57 27 25
57 52 25
58 3 25
58 28 25
58 4 25
58 29 25
58 5 25
58 30 25
58 6 25
58 31 25
58 7 25
58 32 25
58 8 25
58 33 25
58 9 25
58 34 25
58 10 25
58 35 25
58 11 25
58 36 25
58 12 25
58 37 25
58 13 25
58 38 25
58 14 25
58 39 25
58 15 25
58 40 25
58 16 25
58 41 25
58 17 25
58 42 25
58 18 25
58 43 25
58 19 25
58 44 25
58 20 25
58 45 25
58 21 25
58 46 25
58 22 25
58 47 25
58 23 25
58 48 25
58 24 25
58 49 25
58 25 25
58 50 25
58 26 25
58 51 25
58 27 25
58 52 25
59 3 25
59 28 25
59 4 25
59 29 25
59 5 25
59 30 25
59 6 25
59 31 25
59 7 25
59 32 25
59 8 25
59 33 25
59 9 25
59 34 25
59 10 25
59 35 25
59 11 25
59 36 25
59 12 25
59 37 25
59 13 25
59 38 25
59 14 25
59 39 25
59 15 25
59 40 25
59 16 25
59 41 25
59 17 25
59 42 25
59 18 25
59 43 25
59 19 25
59 44 25
59 20 25
59 45 25
59 21 25
59 46 25
59 22 25
59 47 25
59 23 25
59 48 25
59 24 25
59 49 25
59 25 25
59 50 25
59 26 25
59 51 25
59 27 25
59 52 25
60 3 25
60 28 25
60 4 25
60 29 25
60 5 25
60 30 25
60 6 25
60 31 25
60 7 25
60 32 25
60 8 25
60 33 25
60 9 25
60 34 25
60 10 25
60 35 25
60 11 25
60 36 25
60 12 25
60 37 25
60 13 25
60 38 25
60 14 25
60 39 25
60 15 25
60 40 25
60 16 25
60 41 25
60 17 25
60 42 25
60 18 25
60 43 25
60 19 25
60 44 25
60 20 25
60 45 25
60 21 25
60 46 25
60 22 25
60 47 25
60 23 25
60 48 25
60 24 25
60 49 25
60 25 25
60 50 25
60 26 25
60 51 25
60 27 25
60 52 25
61 3 25
61 28 25
61 4 25
61 29 25
61 5 25
61 30 25
61 6 25
61 31 25
61 7 25
61 32 25
61 8 25
61 33 25
61 9 25
61 34 25
61 10 25
61 35 25
61 11 25
61 36 25
61 12 25
61 37 25
61 13 25
61 38 25
61 14 25
61 39 25
61 15 25
61 40 25
61 16 25
61 41 25
61 17 25
61 42 25
61 18 25
61 43 25
61 19 25
61 44 25
61 20 25
61 45 25
61 21 25
61 46 25
61 22 25
61 47 25
61 23 25
61 48 25
61 24 25
61 49 25
61 25 25
61 50 25
61 26 25
61 51 25
61 27 25
61 52 25
62 3 25
62 28 25
62 4 25
62 29 25
62 5 25
62 30 25
62 6 25
62 31 25
62 7 25
62 32 25
62 8 25
62 33 25
62 9 25
62 34 25
62 10 25
62 35 25
62 11 25
62 36 25
62 12 25
62 37 25
62 13 25
62 38 25
62 14 25
62 39 25
62 15 25
62 40 25
62 16 25
62 41 25
62 17 25
62 42 25
62 18 25
62 43 25
62 19 25
62 44 25
62 20 25
62 45 25
62 21 25
62 46 25
62 22 25
62 47 25
62 23 25
62 48 25
62 24 25
62 49 25
62 25 25
62 50 25
62 26 25
62 51 25
62 27 25
62 52 25
63 3 25
63 28 25
63 4 25
63 29 25
63 5 25
63 30 25
63 6 25
63 31 25
63 7 25
63 32 25
63 8 25
63 33 25
63 9 25
63 34 25
63 10 25
63 35 25
63 11 25
63 36 25
63 12 25
63 37 25
63 13 25
63 38 25
63 14 25
63 39 25
63 15 25
63 40 25
63 16 25
63 41 25
63 17 25
63 42 25
63 18 25
63 43 25
63 19 25
63 44 25
63 20 25
63 45 25
63 21 25
63 46 25
63 22 25
63 47 25
63 23 25
63 48 25
63 24 25
63 49 25
63 25 25
63 50 25
63 26 25
63 51 25
63 27 25
63 52 25
64 3 25
64 28 25
64 4 25
64 29 25
64 5 25
64 30 25
64 6 25
64 31 25
64 7 25
64 32 25
64 8 25
64 33 25
64 9 25
64 34 25
64 10 25
64 35 25
64 11 25
64 36 25
64 12 25
64 37 25
64 13 25
64 38 25
64 14 25
64 39 25
64 15 25
64 40 25
64 16 25
64 41 25
64 17 25
64 42 25
64 18 25
64 43 25
64 19 25
64 44 25
64 20 25
64 45 25
64 21 25
64 46 25
64 22 25
64 47 25
64 23 25
64 48 25
64 24 25
64 49 25
64 25 25
64 50 25
64 26 25
64 51 25
64 27 25
64 52 25
65 3 25
65 28 25
65 4 25
65 29 25
65 5 25
65 30 25
65 6 25
65 31 25
65 7 25
65 32 25
65 8 25
65 33 25
65 9 25
65 34 25
65 10 25
65 35 25
65 11 25
65 36 25
65 12 25
65 37 25
65 13 25
65 38 25
65 14 25
65 39 25
65 15 25
65 40 25
65 16 25
65 41 25
65 17 25
65 42 25
65 18 25
65 43 25
65 19 25
65 44 25
65 20 25
65 45 25
65 21 25
65 46 25
65 22 25
65 47 25
65 23 25
65 48 25
65 24 25
65 49 25
65 25 25
65 50 25
65 26 25
65 51 25
65 27 25
65 52 25
66 3 25
66 28 25
66 4 25
66 29 25
66 5 25
66 30 25
66 6 25
66 31 25
66 7 25
66 32 25
66 8 25
66 33 25
66 9 25
66 34 25
66 10 25
66 35 25
66 11 25
66 36 25
66 12 25
66 37 25
66 13 25
66 38 25
66 14 25
66 39 25
66 15 25
66 40 25
66 16 25
66 41 25
66 17 25
66 42 25
66 18 25
66 43 25
66 19 25
66 44 25
66 20 25
66 45 25
66 21 25
66 46 25
66 22 25
66 47 25
66 23 25
66 48 25
66 24 25
66 49 25
66 25 25
66 50 25
66 26 25
66 51 25
66 27 25
66 52 25
67 3 25
67 28 25
67 4 25
67 29 25
67 5 25
67 30 25
67 6 25
67 31 25
67 7 25
67 32 25
67 8 25
67 33 25
67 9 25
67 34 25
67 10 25
67 35 25
67 11 25
67 36 25
67 12 25
67 37 25
67 13 25
67 38 25
67 14 25
67 39 25
67 15 25
67 40 25
67 16 25
67 41 25
67 17 25
67 42 25
67 18 25
67 43 25
67 19 25
67 44 25
67 20 25
67 45 25
67 21 25
67 46 25
67 22 25
67 47 25
67 23 25
67 48 25
67 24 25
67 49 25
67 25 25
67 50 25
67 26 25
67 51 25
67 27 25
67 52 25
68 3 25
68 28 25
68 4 25
68 29 25
68 5 25
68 30 25
68 6 25
68 31 25
68 7 25
68 32 25
68 8 25
68 33 25
68 9 25
68 34 25
68 10 25
68 35 25
68 11 25
68 36 25
68 12 25
68 37 25
68 13 25
68 38 25
68 14 25
68 39 25
68 15 25
68 40 25
68 16 25
68 41 25
68 17 25
68 42 25
68 18 25
68 43 25
68 19 25
68 44 25
68 20 25
68 45 25
68 21 25
68 46 25
68 22 25
68 47 25
68 23 25
68 48 25
68 24 25
68 49 25
68 25 25
68 50 25
68 26 25
68 51 25
68 27 25
68 52 25
69 3 25
69 28 25
69 4 25
69 29 25
69 5 25
69 30 25
69 6 25
69 31 25
69 7 25
69 32 25
69 8 25
69 33 25
69 9 25
69 34 25
69 10 25
69 35 25
69 11 25
69 36 25
69 12 25
69 37 25
69 13 25
69 38 25
69 14 25
69 39 25
69 15 25
69 40 25
69 16 25
69 41 25
69 17 25
69 42 25
69 18 25
69 43 25
69 19 25
69 44 25
69 20 25
69 45 25
69 21 25
69 46 25
69 22 25
69 47 25
69 23 25
69 48 25
69 24 25
69 49 25
69 25 25
69 50 25
69 26 25
69 51 25
69 27 25
69 52 25
70 3 25
70 28 25
70 4 25
70 29 25
70 5 25
70 30 25
70 6 25
70 31 25
70 7 25
70 32 25
70 8 25
70 33 25
70 9 25
70 34 25
70 10 25
70 35 25
70 11 25
70 36 25
70 12 25
70 37 25
70 13 25
70 38 25
70 14 25
70 39 25
70 15 25
70 40 25
70 16 25
70 41 25
70 17 25
70 42 25
70 18 25
70 43 25
70 19 25
70 44 25
70 20 25
70 45 25
70 21 25
70 46 25
70 22 25
70 47 25
70 23 25
70 48 25
70 24 25
70 49 25
70 25 25
70 50 25
70 26 25
70 51 25
70 27 25
70 52 25
71 3 25
71 28 25
71 4 25
71 29 25
71 5 25
71 30 25
71 6 25
71 31 25
71 7 25
71 32 25
71 8 25
71 33 25
71 9 25
71 34 25
71 10 25
71 35 25
71 11 25
71 36 25
71 12 25
71 37 25
71 13 25
71 38 25
71 14 25
71 39 25
71 15 25
71 40 25
71 16 25
71 41 25
71 17 25
71 42 25
71 18 25
71 43 25
71 19 25
71 44 25
71 20 25
71 45 25
71 21 25
71 46 25
71 22 25
71 47 25
71 23 25
71 48 25
71 24 25
71 49 25
71 25 25
71 50 25
71 26 25
71 51 25
71 27 25
71 52 25
72 3 25
72 28 25
72 4 25
72 29 25
72 5 25
72 30 25
72 6 25
72 31 25
72 7 25
72 32 25
72 8 25
72 33 25
72 9 25
72 34 25
72 10 25
72 35 25
72 11 25
72 36 25
72 12 25
72 37 25
72 13 25
72 38 25
72 14 25
72 39 25
72 15 25
72 40 25
72 16 25
72 41 25
72 17 25
72 42 25
72 18 25
72 43 25
72 19 25
72 44 25
72 20 25
72 45 25
72 21 25
72 46 25
72 22 25
72 47 25
72 23 25
72 48 25
72 24 25
72 49 25
72 25 25
72 50 25
72 26 25
72 51 25
72 27 25
72 52 25
73 3 25
73 28 25
73 4 25
73 29 25
73 5 25
73 30 25
73 6 25
73 31 25
73 7 25
73 32 25
73 8 25
73 33 25
73 9 25
73 34 25
73 10 25
73 35 25
73 11 25
73 36 25
73 12 25
73 37 25
73 13 25
73 38 25
73 14 25
73 39 25
73 15 25
73 40 25
73 16 25
73 41 25
73 17 25
73 42 25
73 18 25
73 43 25
73 19 25
73 44 25
73 20 25
73 45 25
73 21 25
73 46 25
73 22 25
73 47 25
73 23 25
73 48 25
73 24 25
73 49 25
73 25 25
73 50 25
73 26 25
73 51 25
73 27 25
73 52 25
74 3 25
74 28 25
74 4 25
74 29 25
74 5 25
74 30 25
74 6 25
74 31 25
74 7 25
74 32 25
74 8 25
74 33 25
74 9 25
74 34 25
74 10 25
74 35 25
74 11 25
74 36 25
74 12 25
74 37 25
74 13 25
74 38 25
74 14 25
74 39 25
74 15 25
74 40 25
74 16 25
74 41 25
74 17 25
74 42 25
74 18 25
74 43 25
74 19 25
74 44 25
74 20 25
74 45 25
74 21 25
74 46 25
74 22 25
74 47 25
74 23 25
74 48 25
74 24 25
74 49 25
74 25 25
74 50 25
74 26 25
74 51 25
74 27 25
74 52 25
75 3 25
75 28 25
75 4 25
75 29 25
75 5 25
75 30 25
75 6 25
75 31 25
75 7 25
75 32 25
75 8 25
75 33 25
75 9 25
75 34 25
75 10 25
75 35 25
75 11 25
75 36 25
75 12 25
75 37 25
75 13 25
75 38 25
75 14 25
75 39 25
75 15 25
75 40 25
75 16 25
75 41 25
75 17 25
75 42 25
75 18 25
75 43 25
75 19 25
75 44 25
75 20 25
75 45 25
75 21 25
75 46 25
75 22 25
75 47 25
75 23 25
75 48 25
75 24 25
75 49 25
75 25 25
75 50 25
75 26 25
75 51 25
75 27 25
75 52 25
76 3 25
76 28 25
76 4 25
76 29 25
76 5 25
76 30 25
76 6 25
76 31 25
76 7 25
76 32 25
76 8 25
76 33 25
76 9 25
76 34 25
76 10 25
76 35 25
76 11 25
76 36 25
76 12 25
76 37 25
76 13 25
76 38 25
76 14 25
76 39 25
76 15 25
76 40 25
76 16 25
76 41 25
76 17 25
76 42 25
76 18 25
76 43 25
76 19 25
76 44 25
76 20 25
76 45 25
76 21 25
76 46 25
76 22 25
76 47 25
76 23 25
76 48 25
76 24 25
76 49 25
76 25 25
76 50 25
76 26 25
76 51 25
76 27 25
76 52 25
28 77 25
3 77 25
29 77 25
4 77 25
30 77 25
5 77 25
31 77 25
6 77 25
32 77 25
7 77 25
33 77 25
8 77 25
34 77 25
9 77 25
35 77 25
10 77 25
36 77 25
11 77 25
37 77 25
12 77 25
38 77 25
13 77 25
39 77 25
14 77 25
40 77 25
15 77 25
41 77 25
16 77 25
42 77 25
17 77 25
43 77 25
18 77 25
44 77 25
19 77 25
45 77 25
20 77 25
46 77 25
21 77 25
47 77 25
22 77 25
48 77 25
23 77 25
49 77 25
24 77 25
50 77 25
25 77 25
51 77 25
26 77 25
52 77 25
27 77 25
28 78 25
3 78 25
29 78 25
4 78 25
30 78 25
5 78 25
31 78 25
6 78 25
32 78 25
7 78 25
33 78 25
8 78 25
34 78 25
9 78 25
35 78 25
10 78 25
36 78 25
11 78 25
37 78 25
12 78 25
38 78 25
13 78 25
39 78 25
14 78 25
40 78 25
15 78 25
41 78 25
16 78 25
42 78 25
17 78 25
43 78 25
18 78 25
44 78 25
19 78 25
45 78 25
20 78 25
46 78 25
21 78 25
47 78 25
22 78 25
48 78 25
23 78 25
49 78 25
24 78 25
50 78 25
25 78 25
51 78 25
26 78 25
52 78 25
27 78 25
28 79 25
3 79 25
29 79 25
4 79 25
30 79 25
5 79 25
31 79 25
6 79 25
32 79 25
7 79 25
33 79 25
8 79 25
34 79 25
9 79 25
35 79 25
10 79 25
36 79 25
11 79 25
37 79 25
12 79 25
38 79 25
13 79 25
39 79 25
14 79 25
40 79 25
15 79 25
41 79 25
16 79 25
42 79 25
17 79 25
43 79 25
18 79 25
44 79 25
19 79 25
45 79 25
20 79 25
46 79 25
21 79 25
47 79 25
22 79 25
48 79 25
23 79 25
49 79 25
24 79 25
50 79 25
25 79 25
51 79 25
26 79 25
52 79 25
27 79 25
28 80 25
3 80 25
29 80 25
4 80 25
30 80 25
5 80 25
31 80 25
6 80 25
32 80 25
7 80 25
33 80 25
8 80 25
34 80 25
9 80 25
35 80 25
10 80 25
36 80 25
11 80 25
37 80 25
12 80 25
38 80 25
13 80 25
39 80 25
14 80 25
40 80 25
15 80 25
41 80 25
16 80 25
42 80 25
17 80 25
43 80 25
18 80 25
44 80 25
19 80 25
45 80 25
20 80 25
46 80 25
21 80 25
47 80 25
22 80 25
48 80 25
23 80 25
49 80 25
24 80 25
50 80 25
25 80 25
51 80 25
26 80 25
52 80 25
27 80 25
28 81 25
3 81 25
29 81 25
4 81 25
30 81 25
5 81 25
31 81 25
6 81 25
32 81 25
7 81 25
33 81 25
8 81 25
34 81 25
9 81 25
35 81 25
10 81 25
36 81 25
11 81 25
37 81 25
12 81 25
38 81 25
13 81 25
39 81 25
14 81 25
40 81 25
15 81 25
41 81 25
16 81 25
42 81 25
17 81 25
43 81 25
18 81 25
44 81 25
19 81 25
45 81 25
20 81 25
46 81 25
21 81 25
47 81 25
22 81 25
48 81 25
23 81 25
49 81 25
24 81 25
50 81 25
25 81 25
51 81 25
26 81 25
52 81 25
27 81 25
28 82 25
3 82 25
29 82 25
4 82 25
30 82 25
5 82 25
31 82 25
6 82 25
32 82 25
7 82 25
33 82 25
8 82 25
34 82 25
9 82 25
35 82 25
10 82 25
36 82 25
11 82 25
37 82 25
12 82 25
38 82 25
13 82 25
39 82 25
14 82 25
40 82 25
15 82 25
41 82 25
16 82 25
42 82 25
17 82 25
43 82 25
18 82 25
44 82 25
19 82 25
45 82 25
20 82 25
46 82 25
21 82 25
47 82 25
22 82 25
48 82 25
23 82 25
49 82 25
24 82 25
50 82 25
25 82 25
51 82 25
26 82 25
52 82 25
27 82 25
28 83 25
3 83 25
29 83 25
4 83 25
30 83 25
5 83 25
31 83 25
6 83 25
32 83 25
7 83 25
33 83 25
8 83 25
34 83 25
9 83 25
35 83 25
10 83 25
36 83 25
11 83 25
37 83 25
12 83 25
38 83 25
13 83 25
39 83 25
14 83 25
40 83 25
15 83 25
41 83 25
16 83 25
42 83 25
17 83 25
43 83 25
18 83 25
44 83 25
19 83 25
45 83 25
20 83 25
46 83 25
21 83 25
47 83 25
22 83 25
48 83 25
23 83 25
49 83 25
24 83 25
50 83 25
25 83 25
51 83 25
26 83 25
52 83 25
27 83 25
28 84 25
3 84 25
29 84 25
4 84 25
30 84 25
5 84 25
31 84 25
6 84 25
32 84 25
7 84 25
33 84 25
8 84 25
34 84 25
9 84 25
35 84 25
10 84 25
36 84 25
11 84 25
37 84 25
12 84 25
38 84 25
13 84 25
39 84 25
14 84 25
40 84 25
15 84 25
41 84 25
16 84 25
42 84 25
17 84 25
43 84 25
18 84 25
44 84 25
19 84 25
45 84 25
20 84 25
46 84 25
21 84 25
47 84 25
22 84 25
48 84 25
23 84 25
49 84 25
24 84 25
50 84 25
25 84 25
51 84 25
26 84 25
52 84 25
27 84 25
28 85 25
3 85 25
29 85 25
4 85 25
30 85 25
5 85 25
31 85 25
6 85 25
32 85 25
7 85 25
33 85 25
8 85 25
34 85 25
9 85 25
35 85 25
10 85 25
36 85 25
11 85 25
37 85 25
12 85 25
38 85 25
13 85 25
39 85 25
14 85 25
40 85 25
15 85 25
41 85 25
16 85 25
42 85 25
17 85 25
43 85 25
18 85 25
44 85 25
19 85 25
45 85 25
20 85 25
46 85 25
21 85 25
47 85 25
22 85 25
48 85 25
23 85 25
49 85 25
24 85 25
50 85 25
25 85 25
51 85 25
26 85 25
52 85 25
27 85 25
28 86 25
3 86 25
29 86 25
4 86 25
30 86 25
5 86 25
31 86 25
6 86 25
32 86 25
7 86 25
33 86 25
8 86 25
34 86 25
9 86 25
35 86 25
10 86 25
36 86 25
11 86 25
37 86 25
12 86 25
38 86 25
13 86 25
39 86 25
14 86 25
40 86 25
15 86 25
41 86 25
16 86 25
42 86 25
17 86 25
43 86 25
18 86 25
44 86 25
19 86 25
45 86 25
20 86 25
46 86 25
21 86 25
47 86 25
22 86 25
48 86 25
23 86 25
49 86 25
24 86 25
50 86 25
25 86 25
51 86 25
26 86 25
52 86 25
27 86 25
28 87 25
3 87 25
29 87 25
4 87 25
30 87 25
5 87 25
31 87 25
6 87 25
32 87 25
7 87 25
33 87 25
8 87 25
34 87 25
9 87 25
35 87 25
10 87 25
36 87 25
11 87 25
37 87 25
12 87 25
38 87 25
13 87 25
39 87 25
14 87 25
40 87 25
15 87 25
41 87 25
16 87 25
42 87 25
17 87 25
43 87 25
18 87 25
44 87 25
19 87 25
45 87 25
20 87 25
46 87 25
21 87 25
47 87 25
22 87 25
48 87 25
23 87 25
49 87 25
24 87 25
50 87 25
25 87 25
51 87 25
26 87 25
52 87 25
27 87 25
28 88 25
3 88 25
29 88 25
4 88 25
30 88 25
5 88 25
31 88 25
6 88 25
32 88 25
7 88 25
33 88 25
8 88 25
34 88 25
9 88 25
35 88 25
10 88 25
36 88 25
11 88 25
37 88 25
12 88 25
38 88 25
13 88 25
39 88 25
14 88 25
40 88 25
15 88 25
41 88 25
16 88 25
42 88 25
17 88 25
43 88 25
18 88 25
44 88 25
19 88 25
45 88 25
20 88 25
46 88 25
21 88 25
47 88 25
22 88 25
48 88 25
23 88 25
49 88 25
24 88 25
50 88 25
25 88 25
51 88 25
26 88 25
52 88 25
27 88 25
28 89 25
3 89 25
29 89 25
4 89 25
30 89 25
5 89 25
31 89 25
6 89 25
32 89 25
7 89 25
33 89 25
8 89 25
34 89 25
9 89 25
35 89 25
10 89 25
36 89 25
11 89 25
37 89 25
12 89 25
38 89 25
13 89 25
39 89 25
14 89 25
40 89 25
15 89 25
41 89 25
16 89 25
42 89 25
17 89 25
43 89 25
18 89 25
44 89 25
19 89 25
45 89 25
20 89 25
46 89 25
21 89 25
47 89 25
22 89 25
48 89 25
23 89 25
49 89 25
24 89 25
50 89 25
25 89 25
51 89 25
26 89 25
52 89 25
27 89 25
28 90 25
3 90 25
29 90 25
4 90 25
30 90 25
5 90 25
31 90 25
6 90 25
32 90 25
7 90 25
33 90 25
8 90 25
34 90 25
9 90 25
35 90 25
10 90 25
36 90 25
11 90 25
37 90 25
12 90 25
38 90 25
13 90 25
39 90 25
14 90 25
40 90 25
15 90 25
41 90 25
16 90 25
42 90 25
17 90 25
43 90 25
18 90 25
44 90 25
19 90 25
45 90 25
20 90 25
46 90 25
21 90 25
47 90 25
22 90 25
48 90 25
23 90 25
49 90 25
24 90 25
50 90 25
25 90 25
51 90 25
26 90 25
52 90 25
27 90 25
28 91 25
3 91 25
29 91 25
4 91 25
30 91 25
5 91 25
31 91 25
6 91 25
32 91 25
7 91 25
33 91 25
8 91 25
34 91 25
9 91 25
35 91 25
10 91 25
36 91 25
11 91 25
37 91 25
12 91 25
38 91 25
13 91 25
39 91 25
14 91 25
40 91 25
15 91 25
41 91 25
16 91 25
42 91 25
17 91 25
43 91 25
18 91 25
44 91 25
19 91 25
45 91 25
20 91 25
46 91 25
21 91 25
47 91 25
22 91 25
48 91 25
23 91 25
49 91 25
24 91 25
50 91 25
25 91 25
51 91 25
26 91 25
52 91 25
27 91 25
28 92 25
3 92 25
29 92 25
4 92 25
30 92 25
5 92 25
31 92 25
6 92 25
32 92 25
7 92 25
33 92 25
8 92 25
34 92 25
9 92 25
35 92 25
10 92 25
36 92 25
11 92 25
37 92 25
12 92 25
38 92 25
13 92 25
39 92 25
14 92 25
40 92 25
15 92 25
41 92 25
16 92 25
42 92 25
17 92 25
43 92 25
18 92 25
44 92 25
19 92 25
45 92 25
20 92 25
46 92 25
21 92 25
47 92 25
22 92 25
48 92 25
23 92 25
49 92 25
24 92 25
50 92 25
25 92 25
51 92 25
26 92 25
52 92 25
27 92 25
28 93 25
3 93 25
29 93 25
4 93 25
30 93 25
5 93 25
31 93 25
6 93 25
32 93 25
7 93 25
33 93 25
8 93 25
34 93 25
9 93 25
35 93 25
10 93 25
36 93 25
11 93 25
37 93 25
12 93 25
38 93 25
13 93 25
39 93 25
14 93 25
40 93 25
15 93 25
41 93 25
16 93 25
42 93 25
17 93 25
43 93 25
18 93 25
44 93 25
19 93 25
45 93 25
20 93 25
46 93 25
21 93 25
47 93 25
22 93 25
48 93 25
23 93 25
49 93 25
24 93 25
50 93 25
25 93 25
51 93 25
26 93 25
52 93 25
27 93 25
28 94 25
3 94 25
29 94 25
4 94 25
30 94 25
5 94 25
31 94 25
6 94 25
32 94 25
7 94 25
33 94 25
8 94 25
34 94 25
9 94 25
35 94 25
10 94 25
36 94 25
11 94 25
37 94 25
12 94 25
38 94 25
13 94 25
39 94 25
14 94 25
40 94 25
15 94 25
41 94 25
16 94 25
42 94 25
17 94 25
43 94 25
18 94 25
44 94 25
19 94 25
45 94 25
20 94 25
46 94 25
21 94 25
47 94 25
22 94 25
48 94 25
23 94 25
49 94 25
24 94 25
50 94 25
25 94 25
51 94 25
26 94 25
52 94 25
27 94 25
28 95 25
3 95 25
29 95 25
4 95 25
30 95 25
5 95 25
31 95 25
6 95 25
32 95 25
7 95 25
33 95 25
8 95 25
34 95 25
9 95 25
35 95 25
10 95 25
36 95 25
11 95 25
37 95 25
12 95 25
38 95 25
13 95 25
39 95 25
14 95 25
40 95 25
15 95 25
41 95 25
16 95 25
42 95 25
17 95 25
43 95 25
18 95 25
44 95 25
19 95 25
45 95 25
20 95 25
46 95 25
21 95 25
47 95 25
22 95 25
48 95 25
23 95 25
49 95 25
24 95 25
50 95 25
25 95 25
51 95 25
26 95 25
52 95 25
27 95 25
28 96 25
3 96 25
29 96 25
4 96 25
30 96 25
5 96 25
31 96 25
6 96 25
32 96 25
7 96 25
33 96 25
8 96 25
34 96 25
9 96 25
35 96 25
10 96 25
36 96 25
11 96 25
37 96 25
12 96 25
38 96 25
13 96 25
39 96 25
14 96 25
40 96 25
15 96 25
41 96 25
16 96 25
42 96 25
17 96 25
43 96 25
18 96 25
44 96 25
19 96 25
45 96 25
20 96 25
46 96 25
21 96 25
47 96 25
22 96 25
48 96 25
23 96 25
49 96 25
24 96 25
50 96 25
25 96 25
51 96 25
26 96 25
52 96 25
27 96 25
28 97 25
3 97 25
29 97 25
4 97 25
30 97 25
5 97 25
31 97 25
6 97 25
32 97 25
7 97 25
33 97 25
8 97 25
34 97 25
9 97 25
35 97 25
10 97 25
36 97 25
11 97 25
37 97 25
12 97 25
38 97 25
13 97 25
39 97 25
14 97 25
40 97 25
15 97 25
41 97 25
16 97 25
42 97 25
17 97 25
43 97 25
18 97 25
44 97 25
19 97 25
45 97 25
20 97 25
46 97 25
21 97 25
47 97 25
22 97 25
48 97 25
23 97 25
49 97 25
24 97 25
50 97 25
25 97 25
51 97 25
26 97 25
52 97 25
27 97 25
28 98 25
3 98 25
29 98 25
4 98 25
30 98 25
5 98 25
31 98 25
6 98 25
32 98 25
7 98 25
33 98 25
8 98 25
34 98 25
9 98 25
35 98 25
10 98 25
36 98 25
11 98 25
37 98 25
12 98 25
38 98 25
13 98 25
39 98 25
14 98 25
40 98 25
15 98 25
41 98 25
16 98 25
42 98 25
17 98 25
43 98 25
18 98 25
44 98 25
19 98 25
45 98 25
20 98 25
46 98 25
21 98 25
47 98 25
22 98 25
48 98 25
23 98 25
49 98 25
24 98 25
50 98 25
25 98 25
51 98 25
26 98 25
52 98 25
27 98 25
28 99 25
3 99 25
29 99 25
4 99 25
30 99 25
5 99 25
31 99 25
6 99 25
32 99 25
7 99 25
33 99 25
8 99 25
34 99 25
9 99 25
35 99 25
10 99 25
36 99 25
11 99 25
37 99 25
12 99 25
38 99 25
13 99 25
39 99 25
14 99 25
40 99 25
15 99 25
41 99 25
16 99 25
42 99 25
17 99 25
43 99 25
18 99 25
44 99 25
19 99 25
45 99 25
20 99 25
46 99 25
21 99 25
47 99 25
22 99 25
48 99 25
23 99 25
49 99 25
24 99 25
50 99 25
25 99 25
51 99 25
26 99 25
52 99 25
27 99 25
28 100 25
3 100 25
29 100 25
4 100 25
30 100 25
5 100 25
31 100 25
6 100 25
32 100 25
7 100 25
33 100 25
8 100 25
34 100 25
9 100 25
35 100 25
10 100 25
36 100 25
11 100 25
37 100 25
12 100 25
38 100 25
13 100 25
39 100 25
14 100 25
40 100 25
15 100 25
41 100 25
16 100 25
42 100 25
17 100 25
43 100 25
18 100 25
44 100 25
19 100 25
45 100 25
20 100 25
46 100 25
21 100 25
47 100 25
22 100 25
48 100 25
23 100 25
49 100 25
24 100 25
50 100 25
25 100 25
51 100 25
26 100 25
52 100 25
27 100 25
53 54 20406900
77 78 20406900
54 55 20406900
78 79 20406900
55 56 20406900
79 80 20406900
56 57 20406900
80 81 20406900
57 58 20406900
81 82 20406900
58 59 20406900
82 83 20406900
59 60 20406900
83 84 20406900
60 61 20406900
84 85 20406900
61 62 20406900
85 86 20406900
62 63 20406900
86 87 20406900
63 64 20406900
87 88 20406900
64 65 20406900
88 89 20406900
65 66 20406900
89 90 20406900
66 67 20406900
90 91 20406900
67 68 20406900
91 92 20406900
68 69 20406900
92 93 20406900
69 70 20406900
93 94 20406900
70 71 20406900
94 95 20406900
71 72 20406900
95 96 20406900
72 73 20406900
96 97 20406900
73 74 20406900
97 98 20406900
74 75 20406900
98 99 20406900
75 76 20406900
99 100 20406900
76 77 20406900
1 53 20406900
100 2 20406900
