1271022997
787355191
748689811
1473951054
901112757
468227950
725004336
2081151710
1007219400
478501767
1760711925
1239463665
678410461
494202813
1145880484
2006012902
276147158
212936874
2010066174
1393899772
1526122331
398271958
665400469
1333733805
376895960
1480488718
1930621445
588260931
1102185268
1517385629
1923184458
225724467
157257077
524390581
1699675467
1058369756
992618435
277196045
992037738
1999837685
755697772
605265871
1091817660
1434108101
1099468596
90214354
1292637267
1375615647
303151136
1155219736
622031646
1829273396
1553491614
1287432036
1015523443
1930387496
620437009
798661141
371164645
1722622157
168563102
146865453
1948346596
325820072
671255862
1500538265
1384189732
1663874257
1777734256
228743745
1516228198
385948270
834009536
460562061
1820056331
1933477987
550776373
965209818
1161609898
853927366
2120429466
1783641437
535717022
1526437375
923589700
1551240393
1309341143
1544026629
202417777
1680505710
1119165041
370980780
1827371029
920027869
696800831
351143241
273082458
2080990456
2015017326
2050816564
162250457
1383761836
289281132
996259915
1844323801
2109337353
782254175
247616376
927063483
1943863928
1101543701
900009169
1580021629
1637260580
278962808
356127573
1041017234
1588303894
1900154077
1243434939
1121325876
871835390
1614415609
801213179
1791863162
163732693
1152356286
2064945500
97239480
1019889962
1968278388
259489831
256167978
110075722
1255749650
2100491740
71929373
2038003747
200624372
998992746
1834383948
1302167923
1899001875
1266921784
791944814
30480903
1623049270
1832961905
1618784709
1375719591
928913104
592626880
100071209
395844993
1393839979
1891934291
559577576
398712539
1809396047
656816957
1418602367
1630190667
916306767
1674770344
1740266362
24572663
1627778264
1812195585
2062576314
1828402596
663704630
1749476536
983086776
415222747
868914593
1775031440
445703611
344480070
1460509655
2064488188
1720199573
241938968
509631333
1820270674
637783869
1903471255
1564721193
1197361373
154700067
1226633512
1854178220
1573302356
709340434
623001241
1100588918
302123028
647573883
580883532
2114318586
562666442
261802309
630539418
164659235
1244889045
1045762111
1033573750
872436741
1491465612
1378053740
185462598
1408470113
950769520
427401524
1918101314
623556459
1065185250
1674088833
40793896
115062883
1828788843
1267427283
1969241031
1254607472
1976767637
444758514
207712664
131406921
1092332298
788596063
98241739
1654998720
1050398370
728781129
1819657848
147803595
1774543090
705747854
1020240296
1118525001
2083801516
1205702798
379511356
887087308
1633104172
150128982
1510643622
550805732
1824217683
1551437430
665868472
1505522791
671380957
487625763
612646558
500664822
932384206
820359142
632071663
2024716394
1608955127
730313305
1532231367
511869715
1459094314
1204405546
659673308
1086153728
1910153293
1679913432
57194931
1846471065
738132542
436706233
586074648
223752970
586835105
2096718190
774558552
263569101
1500671828
1440426982
1769091760
24569049
1928052603
234254582
525233763
712953069
1054613667
1157305301
590185743
516085067
1887618526
2122417001
1027954704
1199229095
1179338800
1687627879
137899056
942008425
1220057661
195093959
640995735
1958190032
631800043
1227070287
34459314
1218635094
1176304752
809017771
1482204085
529492852
101960955
1103812157
554061756
2030013516
1338066607
1079295432
595482794
245196539
89116977
1185668446
761281549
1976735379
1160601727
1789236173
1028480746
192456769
1329380326
1166379705
1134465095
401954206
1361473545
1775460810
212660588
1993273560
855047342
247119730
1064424856
2031351998
1056137461
399145240
413361124
1158098321
1502957287
967422801
1040628039
693540207
2046718088
1636110792
938736614
2135834977
674295447
1700018075
1965086600
1834897082
1341770543
846083574
2027353779
523667142
2012463199
1014335117
925621270
1226452999
642312180
1138281724
1072242791
1497359501
1385401452
2136667620
1381227745
294055094
388329062
1794588773
1452153375
1891286295
614527848
345297670
437342744
513762208
1981408312
1376079318
502113393
508220069
928613613
319716257
195633360
122900421
1165799723
75503400
646567506
1030779150
1089838445
