98913101
583995028
982649911
1495232866
938966016
1951171245
1729160836
566401533
1024488376
1713400578
635988252
199928891
1437426192
1976201530
1387747730
811080140
1069027387
1794785683
2050772499
453643334
1591307471
195488604
1262965339
1241094797
951439798
716338571
278700244
1661278509
1515068722
1076244635
372060942
1613981673
1660239568
1354710781
961730838
451721858
1158398251
543407916
1018123311
35402861
109324806
1654111418
235331678
1546750834
1482829213
1623079265
210347302
404372844
1270381208
113636064
858016085
714204927
309124556
2120981312
1955299647
1260564340
689836138
86516112
774359068
57421124
1162760727
1146419944
1671402738
675516540
353646970
485649778
1127238302
1512045149
1029057640
2145361536
1547447882
1138382337
1651989226
1782779442
537649483
987334646
1258374985
747996622
1391707402
381272403
861632662
102239732
1095477238
1170757130
75737303
903293133
283837710
765573330
989809168
1058196764
822994357
5086116
57132927
346913359
680602635
410779831
832563077
1807840830
1922824872
1861620568
1805718622
1322789034
852519203
1310224123
958084700
1390168576
150075041
68975919
2138165158
1541782299
450248248
852314009
1644021943
1545725344
2023071115
1719759138
301534737
159425088
337848727
1291343801
1217621741
1160842973
1296429839
1274754654
1507756235
1977032343
1685534351
192835577
1637389505
1460875509
2054456085
1295624372
636180787
759491490
458364751
1594265415
2176364
608439715
1663241206
2140341413
2738286
2113489337
845171734
1646760084
1511730959
720759037
1219035486
1813265553
880184101
1556884106
957125615
2097805753
570243338
106071702
1225076647
2077999461
2083103968
763127336
123351293
1573009694
76519063
30323642
721150397
712699784
789815072
1179515042
159481443
791991287
1787954661
1822722578
784848998
1790692869
1788728139
1630020622
1289969225
1152975332
203295971
361520918
818757163
1083479908
1918404936
1775882635
1033801990
341164518
1881954246
111394900
271680239
1817574462
874522125
395031420
1243100430
951041174
425354966
1964250696
1663740825
