834479845
3763930196
2694136347
397144652
3871744733
2826190241
989499607
2398803767
4008378181
2754623786
4075557539
3375793773
3736640662
3703323884
342223785
3444857016
1247082611
2649110874
2782801083
3272086490
2020937779
2466496676
3850709597
3429010907
3740814994
4146916282
4037643189
1340740669
3378019600
3047278551
1455172317
4152344331
2247403622
2175623982
2631943302
2480123927
1666402649
1051609012
1224037277
2701304092
3080159302
1168286832
1857774396
2114082016
2512793042
1623029353
2459709058
1992197917
3628745797
2070127040
4110861146
1448092090
2151900324
1411129770
2826703118
3562374697
3361980782
3099696297
32408831
3935756099
1614876758
1629549356
3136066197
3463410449
413190203
3514535810
2884150494
2987380850
245323845
2976906752
2120440170
2594750450
3412593860
761264500
2445700805
3060764592
2400147346
989903795
649429096
167151613
340761117
936553165
4070486710
957080194
3448489654
4021339632
775878390
2116381173
2497910186
4154670917
4023395902
3334341556
3196265901
4001533154
1464806217
3156724220
3323475281
1765254479
2621526545
1266352683
