1122994236
1521432085
1929914418
1073716170
2151940217
2757155888
2342573939
2343274958
1991468533
4121392082
1531562898
3088686268
3974628507
361786451
1320295160
1196253248
2437282488
2531684609
4071297981
349891685
891465212
3306253588
36035277
1115264473
3496687843
881168165
2007654095
1212198824
74541417
1367132311
1728536347
2068465384
2883978265
881998925
3899264995
1964712100
2171074187
2134116366
2603237081
2787308530
2599808442
3092439661
1914777381
1195520710
1326228359
4113254736
1681808452
1674346071
462010505
629254515
1055555957
232679320
3581811726
3172201083
775829653
987119441
810933747
112880018
2255376960
763926340
4141349635
2757813947
1044368525
2112582786
166060416
2880179345
2889788810
3360844468
2401983813
3659832084
1455058464
155302891
1954318951
1015810284
3476997598
2097257713
3230950362
1103613312
2181405795
1839677220
3575164958
1562556994
2840507891
507582572
1359804524
2627260352
681846943
1634935710
2188733820
3014340507
4227803159
3875351685
988325661
4148305211
4274290735
571040752
2677850958
3414711775
515394106
3227683323
1776769691
2086652628
468321491
1278531940
2656403378
1160947445
3630142127
3422116527
1179571521
3681466689
3249534590
95793035
474884420
1170836389
3101173434
3474439895
987564789
4276952020
1814725367
3215082144
2280762121
2760164780
2220532033
1796136835
1773078344
631815814
3678128721
1439692338
4267080156
1836671311
3777814808
3276546241
12086971
1848206792
4191521214
1531282133
1591736703
1602046967
2863760630
2093152245
4004894363
1515351374
3501535148
3441441878
989365206
324555140
3599354838
3686806072
3801378056
3062112719
3111420786
3170979164
1206323720
2473375209
729575718
1467533390
3947074346
4093509037
2157218930
3976706962
4053960182
1694510654
2308277768
4014587703
540884222
1425907473
3635113253
1310664095
4037476727
1408139452
3995611821
2173397696
1026911238
4159961491
3463623429
756023060
367737182
2474716464
612887589
1302179248
171252846
2715502743
2447358180
463215842
1312587033
2485636851
1052047958
2587949349
1757633679
470670829
4245777211
165945489
464729757
4109207097
931967621
2867940531
155380773
1487076429
553951747
3720702876
2012630647
445387257
1058608014
1875830761
2114664977
2739008823
1281237217
867261293
3733789243
743516436
282045448
1927521695
2098213749
2833539030
1764860400
4280289501
1596370900
3994534462
1265918252
1379891482
1159164807
1740067063
479095300
28127779
3152867399
834497589
2375683246
1723066425
3685445824
2065002138
545729058
3096396939
3138494404
1617688107
3067415775
3699861721
2416009287
1745615829
3529174266
409072576
3768782348
3756878742
995355456
2529581412
2646446864
3932858148
3239885225
2364965229
335531032
2486646974
2673707641
1624563983
470141257
2829672122
1258773991
2856023841
2448936452
2448982019
260125944
3581905007
4116729551
3017403310
1902604422
2076838069
1204409856
3503083146
1179059809
3192296710
1868680050
3691351251
985724726
1599048167
2735103078
1593267352
1044277739
1537060654
2824647166
1950247027
1836236666
1838899009
1041909763
13875116
226786208
3808160865
3991285529
3325560759
2071483844
211279826
641783989
1937212765
707794591
2129849034
1837462538
3106567153
2953899089
3586909563
2291740833
2377641334
2917259885
3080328980
888348409
3571477101
2009627500
2362661144
2023104609
1422291554
1426630282
2944595358
209251222
940868692
1352321325
3023760582
2950190070
2674676324
445245198
2264504725
264610678
3455814916
3368603902
4126044373
2690656715
569257768
3930516556
2202889117
2202713219
3594359375
2909555048
2400138844
516827884
3912279852
1936687047
3359721541
1937049004
522250015
966728587
1505049660
2200379700
1120261450
1581928294
1610728193
1693814930
2850253614
3156487840
478804272
1122734746
1016530385
48302452
3594347719
3836422734
4202798108
2600584290
2021643564
491713237
3997991210
352804489
173566285
2675442257
2120385685
2711570083
1703913471
306514598
2030009240
3224947602
1003419280
1387018327
1757919489
1928182883
166578089
2894604302
114306143
1461810281
1916140604
206838795
1629785863
2697806448
849227891
47749983
2277499134
3036655876
2175580109
3108240789
856483302
3302266085
758605084
2535761624
1875532909
495630734
1579638146
2200882158
3970833998
4186549855
2599201715
3127279095
1854947832
514988884
2386134214
3927216737
4092755742
2438115722
2117029240
3922622788
4225010168
1941026431
1042537247
3386707512
3976643116
58600130
1854464843
393273547
3196067662
2171779426
2978905990
2864643931
1126979843
505052239
1329434039
1708812875
3212332864
3355881022
1395656258
3869262094
3068856031
3242248232
2271367427
1991124511
2053903736
1226808119
2224345850
2237874573
2842232001
2266809614
2640853235
2799149930
4077410778
1422706555
3218782508
3127692856
1771421012
1727689504
2944970738
183696631
2668972901
1394504100
453181552
2962049146
3549789266
968627958
1471458235
1830780198
3978773251
1572756896
3603345940
2120598263
2779880157
1953917725
1018059519
492823236
455215715
3291117795
3006111858
3416648357
3598676065
4092137313
3326850761
3691433167
2009933118
2264586092
812750627
3992223193
1467787593
552857819
404466806
1868248493
3871656645
3619654847
3010292582
4283653122
832700654
1073570295
925915419
3199661825
3328750726
80634441
2552280108
2728244065
3508461979
1420894404
976654865
182993236
1842075756
2345004408
3314595397
150035574
1428022045
1444242253
2196748483
294303363
3661571243
1887443968
4104079514
4736143
3117926974
2707369138
2136190726
2256759060
894724093
1109893927
116544103
3806585341
956013870
2385093853
2085949412
1799515019
2318912591
1327054477
1513653982
4081150574
7205575
3951682569
1108358302
3716676481
326577339
1057667208
1197094520
1195415942
3438902612
3895734849
3260881828
437916516
292627264
874597172
2932393409
3517940505
2954554104
4133264347
756862697
3812339053
2684609425
3517211485
4026651369
299231746
3767920157
412139632
1470648304
757066214
1429985440
788824684
2449063219
2632935837
2274307978
3281567148
3467347166
1373434376
2407016129
3439387398
4073601928
3112467831
3033493639
2438012418
3184311431
1657976640
1365642601
551261531
179140566
4050521278
2000897592
2670528098
3406613169
1113911388
1047887229
4017280740
3549280761
965559206
3049033736
2492860415
1250098193
228496628
3840533371
1085852531
1432351487
3594045715
2310433405
3391296832
2131908549
2009936318
3785570380
3966560812
86254187
3487458090
4061690829
3200539739
4037531891
2650753511
3845219271
2371863299
384789365
2931721060
629392171
2279872238
731317130
686883627
1671128468
3504968705
233600513
3783897388
2112560694
1162456670
1210663782
2074415131
3582330462
837613085
3414462352
2065871030
3492298109
3009600094
2035358639
2123559462
658620970
835354670
898823575
1084229216
2488995842
3489292945
4057605737
2976235436
1199635959
591771024
4021500916
3124420030
3560225028
2550225813
1435322382
2675656346
2664014575
1791769332
1481616887
3150488482
2163595582
1757221760
623260702
2534530090
2495197812
4008091105
2945390605
4040395557
118640586
2656931439
1962677277
2498073650
581594131
3563931686
3207531241
1979947492
1191798845
2437220230
513660493
457692944
2037540980
3363035055
3490355532
3054212604
3909888546
4218284300
308301614
910607890
413918677
4277526265
1886763846
4095277647
326544943
2133573506
1813156362
24151523
2592968214
346013077
3338885226
3050191620
3054252970
1523979361
2827783879
3813050364
3477257598
1523829916
2048624093
3639279173
4276477779
3536691549
3590165591
1606437199
433950628
3012920032
3731899228
2720958153
4235052464
1868427820
2696364220
30739360
3499664218
1557341242
3074719658
2438698480
2982295027
2240825498
1023866895
3269479162
2018941837
478058798
4292171153
2571821984
2773985645
2471652699
2851933955
1568729777
3498958009
2922993683
1291257194
1417433850
3047613411
698241370
1166904793
2019384011
128306602
3097447470
3807711002
3503861040
4270070058
3139560159
2849910337
4001816420
444719491
2178492881
3410847964
1908590817
3137694308
1004094430
2351347022
3480772798
1976071192
4133788533
2742940501
3910756919
775283740
3416857815
1884368985
3288698463
2272380384
524424323
2074834266
1565050280
3950059128
819876874
2200523769
3193425130
534858279
1038555451
2005399477
3190724677
1216093018
2693844082
3793190105
3606465980
792418230
4062278186
3399604575
1341256791
1407300313
3089702113
3869951047
3973529924
2316688045
1893126622
2282021934
1055721777
2132238878
499291904
1725681297
873283522
3593574509
457739117
3114147396
4215361182
2096777576
115983008
3338708044
444720407
1528125680
3298229368
1429199041
714637302
36506117
1338574059
3873700892
426065430
3510791000
1636669780
478894121
474850937
3275294108
324388636
445814242
1189143418
1246085544
47313933
1680922081
4119421663
978842621
195480987
2301136176
1391015500
958405440
3204518426
937578232
3513585280
3455933174
512630189
1751397080
1231395051
2782828983
141857895
470199848
1445838076
2483884233
1931398607
1428820153
3414997944
1079481649
587306608
1518175442
3020731448
1075763015
4261786627
131087325
1242649125
1704998425
1603984191
1019005328
1513529360
1866617825
2501433295
319014469
2292299842
605428362
3137491308
1024106887
3810082179
2976794992
153363044
3225506890
2620525394
2711946935
275111373
436484800
2196806821
2015467166
1475639603
1664125918
1796784367
2647937049
1688369436
2987493489
102248694
1563640743
691413751
2398584944
4047339450
4244432093
1306412770
3540302346
128466259
1418815081
876888286
1503006609
2058600241
3120371159
2441957452
3475697551
2674663222
3475873655
3032323128
1944178054
4118950788
172364810
2068755895
3583158712
2677523376
161332547
2937496757
1552315684
139554380
3302970512
2200606454
618086745
95637374
581406178
1725402371
413474653
3433847595
1656854222
3072372818
4032411994
2860785636
3180585157
1746389199
3447963835
3235218841
4271496195
259089947
1317157700
976716573
2500957918
2701093090
901963391
1765002180
2594932811
1531229705
367669000
1873725642
3192016789
3270666397
3777895300
1700344364
581254143
701056666
3302109108
2725849447
2392648498
3466501610
1425077562
2326762809
1262059317
2529388248
2099901775
430708456
3199527802
1196973063
4147849707
2660098521
904419387
1854930856
422777531
2926623859
1771227837
722767559
1647328146
2636594834
807224983
1028681774
1253700046
385047251
279089670
1537146629
9907829
484500110
3094495075
2152799233
1305791560
3777885054
3395033489
535669833
3361119236
3899651221
3288555104
4129584965
2271801041
2388605464
2155271805
1945484814
976966135
579161232
2902116602
1270359153
716713769
4019961223
2429738765
323453951
1612956774
1866020528
1117166503
95811598
1429748961
1314537547
2074775207
3751749625
3106014587
500160623
954989251
1453444238
644532448
2890298216
2219479317
758604574
3091531637
2237669516
206252563
2838484356
2849198543
2895026754
3987162880
230292557
2689194655
4256893017
2612053199
4255324018
3028968186
2604033786
1379115978
1340271165
2119800651
4155719211
1222033076
2524695210
886634187
855964909
3474879532
165224829
2506758225
576848362
1862762421
397560327
2977784831
2922869222
3684015299
414058530
2079134705
3211385464
2056665326
2034119446
816567379
2407947707
911086530
3810457697
3346362581
3167841948
3409910250
3539737321
530706766
2176592324
2554457082
4171853803
1025780132
2156848332
68625640
3781096010
2142780746
2550748090
3994961729
1136199504
3835801073
4120032481
1191849265
167170916
1043587779
788724215
2629471960
3240428055
2553251226
1996507616
2487476296
352512313
180925896
170391813
1039352836
2681424654
3585459217
1648393807
2439160213
123949539
2415528306
2210312042
2124632571
261019277
3420465276
760987466
1065107533
2039880835
3203684849
3658581507
1849450910
1726434234
633220816
3913714021
3494057531
553148924
822864951
2076265820
3093998278
453964266
3110073947
1612211626
1275631989
516455521
130499044
3521251749
4210256751
775784452
2129048656
3900289253
3653910189
989906117
2224161691
3101565978
1414056214
1569191195
3428843229
2382999090
2561763683
16304786
687274416
2902386285
1947433259
3778188049
2420407470
2446330727
2758605186
2435734808
1928602143
2219637487
3793237550
316958208
228525499
752280554
2884890923
2625618441
1057129613
946400183
4112457068
3175354190
2588136425
1900216387
3043738620
3247995477
3608289511
2945947653
3009991904
2897851214
947570261
1721837600
1917108271
2772190062
1341872444
3088821841
627171197
1724004513
2458270045
1525679029
717181291
3640429437
32926203
3334973896
472367740
3252416238
3632256231
1905696465
972709796
3519266630
3325993044
1470635878
2536766034
2209611342
4000794042
2518054430
2914667172
939208348
1635610926
1638778676
1261463783
3920444345
3763230749
4154486593
2098159125
3538126635
2684909352
2771175741
307016373
3133318008
1247300216
858715112
3674732433
633844177
2159101396
80411482
4007382223
692514835
4196485049
499375350
3232361434
3522856982
3016699888
2210011250
3002596266
3987054927
1226712802
3475850597
1158773628
1140917401
2962182874
2665640526
3662879128
48094349
1351977170
3952619910
984839276
3448213009
214555962
3582440143
1571004382
167627693
5255479
4236529132
1994674505
3736100241
3849017260
2522374088
187465561
3452179997
2307203314
471320607
2799319187
730632536
135190256
2244377286
3236279603
377717752
4040693544
4169764166
3365501532
2333615920
1856383301
3745416696
690071977
3745802424
3122877532
1601300719
755681875
546157563
779783359
3176865595
600070302
1013259227
3752822907
512272341
1449105126
562792888
3203978612
1392710838
4062240212
3579275935
2101222885
2532916680
2428851022
2209986802
1202049117
2455555381
226359526
324888162
3394597079
4107368671
1409348944
47501543
3115684349
3782452242
1899969553
1417795583
3579506668
2331415984
321268485
2708584536
4168816143
2268074010
3292229093
4251643785
3580274349
1117657656
4192906435
2136252807
1212112213
3218320893
2324687538
1449941559
2529883759
2667936290
4101137163
1830251582
1497190049
501258024
2602035519
4146614198
2448931817
670108114
4027199654
3945827080
3900210036
1505000143
3800021544
1487649185
1746051919
727455846
2234979404
247912680
3695836434
2273827697
3898952431
2522735743
441496318
1037882183
1805536674
1617792814
3273803557
2293377799
1374586778
290176896
1903372752
1569656586
1729948085
2313243997
526049444
1883275244
689282478
1037647679
445187859
1297725998
985757330
4100757585
3179540715
353347152
2408556665
790462948
2822500378
2753309732
3283172900
3729567375
2869214895
350666559
1327847991
4282147623
4162446181
188460661
3505322092
1567103542
1234075315
1920505510
1074227582
1193397317
3382805105
2500464446
3570682818
1546870412
32548035
1891404054
2559383169
4063530330
2037677353
1635804774
721748777
3014814139
326087161
492218111
178865173
690922026
2257330551
607134389
622597894
275897460
3365805288
997552438
3304257092
2531430369
1937869276
670113334
2258270352
1307887637
1031295000
1467216136
3060661221
2327074451
2378619603
398552075
51629344
1420941387
2516071079
2945135692
1614352872
1579407483
4131653325
4220491273
2280205035
2787692522
3266243511
2419501795
3426778340
2261452282
1555814879
1945591712
484171223
2149082130
2868934372
797261115
186414247
803324707
1030185664
2026431093
3791977169
4002782099
3752741153
2576530695
2923292408
497014832
1354699368
2812130736
1001385432
1140788939
2304537346
2884371615
1975623996
186373712
3505143347
3410652899
4132387709
2330960615
3208374793
707744410
2017732630
2812322493
2568871074
888624999
681332372
579785575
496776265
4125361716
1495027791
352756916
2330872040
1853277359
736990479
229350382
3276551
2560849813
2043586820
632324928
2234415652
1724970366
512378690
3495778950
1811712953
335072364
3017708617
3307121311
3491188332
1830510708
3767709818
758129782
1016186564
1615801074
3093355831
1634284349
1050983692
3369055211
4242579537
1006963249
1846951148
1756829933
4097112856
1781489966
1031888067
730129116
2106176000
1046424363
1860869592
2464881908
2576504452
332950691
3532457928
3903679055
4013410624
3249142374
1799403014
2812522547
3147248869
1527829667
36717905
2841772125
183572178
4087307483
3776896092
1540076681
96271509
2535073632
2851689572
4233772239
3894495321
1487137785
2679248679
2964656828
3938853301
2158330467
2077031979
2668188371
3754573547
1987690866
1252638283
4225806003
3004987816
3108835817
3297548408
1324570274
88473
4256532187
3801702715
787132465
1925560983
3498444114
3971367392
2889270229
165659549
3282414289
107242280
1139906389
2917545279
3279720953
1615252812
2272881502
3197710881
3502295984
3397087189
1868145857
481482969
3225243587
1536515763
2400560617
3735118300
2657640139
2877098310
354341797
2780707930
3235952481
4145832225
3312016927
2262150981
581143866
4115658824
3696896656
3248785175
1258601944
3435383292
2433180352
1780646004
531424857
3172033017
2099414684
3781040323
3803965296
2704974798
4055862703
412376436
2796947
2355414549
2788802180
1974908243
1511857299
3469828872
56289664
879052427
2515441445
2971582168
3531111826
3739447922
3438681727
670211827
2042955469
4234282270
3022702989
2634679090
726433781
1830162178
833086322
673413700
1341045832
653365803
4060858324
2482978649
1371711640
2560904587
1351593143
2950062194
2836390106
691535180
212458891
919972866
2844682298
1559916126
2475041012
1573725269
465910702
1603618917
3822627517
4050784300
1722537439
1051615654
3862972004
1646263266
3988574387
904947457
358717862
2269184907
1632274599
851334970
3559962350
3054793497
2250970997
1828629955
4246729019
2900166114
510685448
714854570
2776769316
2933053877
2047687955
406411351
2233662329
1966675678
3270196657
3425502996
3313917093
1960370710
1458638719
3589166349
2013447503
3905354558
3340665315
9950309
1617038136
3851103086
2566169998
561869579
3547259562
1847847870
3401183468
1284313256
828774299
4141721684
1970400297
2709919228
2276405886
198890318
1137963093
3235323239
1178925219
4294620677
210119018
3187893891
3949328882
2818471041
2692573268
463054304
2540093875
3464809504
3818289667
447758413
2124506003
4151669648
693684161
742492069
1454045563
654034942
3771643250
2776993452
775747123
2790187006
3640866353
3473351511
262494599
906236859
963076989
3903462735
3544660462
3932630426
3392707561
3095907528
1466391760
2228627613
1386243437
2227550570
2264769751
2553966275
4155455391
1807551315
2308241232
3271173409
1332802419
1587283402
1142471661
3548504900
3923307601
457244889
2059107570
2866716920
1534087802
2619190089
3317374401
683787607
1619596950
561728017
1094706438
3755590007
1254365417
4066345974
3370530322
1351529309
1312587222
857913338
1250554673
512288463
524314511
1556519128
2652387864
1784957767
569686939
1040314544
2366573370
1040188921
3995262379
1580202281
4127312894
2416114645
4202160282
3454837592
3220424842
1927248582
885286782
1120451656
894675407
3277784159
505286948
1685076333
1550484345
3545029619
3746835672
2666930092
2584276661
630012319
311279705
1344091764
2634735252
1942428634
3131956358
2890506583
253096656
14922805
4262809828
1712823279
3955226753
1848751226
3587968213
87593778
49352558
586059967
2551055818
3483370334
4076830741
1863349869
3530555060
957993275
4041023583
3840265599
524636791
1971254361
3034305510
324236064
249201259
421376766
4107255559
562794543
482422812
3889309226
929591122
4236449834
3664665659
225620383
2997202802
1020753847
4214051805
844115619
1461954832
4054751257
1387715105
2870336605
480121932
4072806147
981252701
3120211510
1212944970
2561740711
519877338
1916458567
1938917736
2181959096
3453391956
1265063146
3960553504
1161588335
654685457
3804632137
67538501
4172487588
3237138322
4020649804
2290153902
1689262554
465299900
661482927
1218749798
1168575196
260662068
3053979584
2791139522
853744656
2889732841
3619944166
2385084843
3694138935
697919765
887453842
2058104747
1746182824
4015833538
1787984841
3747701675
3697125295
1027107338
3052149889
96119580
2834526964
519992393
2114360930
3070048654
2641375686
1892160738
725813859
1966515055
434798761
662720376
2298328598
1401847324
4175337964
958051289
2328509266
1249579163
2863656668
2133238806
4253852840
3853263408
510442660
2000418994
1641721325
3185498657
3386386813
2840355881
4042878911
3677298405
3496654563
549093469
4054301051
15315584
199070011
3952697809
2025880728
2986003215
3428665578
2716804302
3004440768
3512926623
109078463
3704657233
233771902
1954917784
1205818318
829168101
3024929789
1155058165
1305705301
3902859506
818823336
3942742353
2184054225
3964158977
1799061493
33961991
2192824052
3779895250
2711735749
1139011258
1833805939
3295809875
2879875428
3154442708
3977557260
2116451233
943787879
2601913095
3355005099
497814674
1240259651
3553239764
725078497
3024396530
1763566248
2097388416
1103802732
1507870036
1981130272
1203779400
2582147676
3343320139
4184189912
3960250226
4293446184
769218955
2087843507
854856599
264773415
3088574414
2620353927
3198685427
603157060
192998100
1130317060
4170220431
1289132708
4047510211
2048660553
3743354846
1516648864
3718202641
141522035
2888336442
2697153107
2415453358
764193252
3563795450
1670044093
3534409013
1757540965
3527454010
1972931643
2224657086
2993899958
3443699783
1139791565
1555872181
2851613844
1758363384
2396459194
1232037322
3113669884
1901673748
2671330455
811413350
1037036974
209042210
3474310967
4030628673
4038897629
1833758802
674121811
20440350
1807094617
108131765
439957885
4163712010
1171334319
4014952145
691096306
587337798
245646214
1870243573
3755368180
4157545318
726685486
310054055
4221708960
1060466097
2914000396
1971683590
846027803
1813792338
1115310825
296050358
3268365696
1185455623
3813309868
384731851
3718562353
1800622118
3097913350
1384873624
2085413636
2219203532
2041095000
2499707527
2423697052
3463584047
3924776514
2726332025
2998868473
3971974352
1047662480
1637490811
1733941381
1219488990
2634738751
592619557
855202453
960730088
1231465040
526183296
4079634368
3737300181
2687851629
2867981690
1572635130
2152409125
152707771
2971925401
3100242286
3472356646
3147303955
3575717270
2959010943
2134724704
3001005228
1755531766
1294145405
4115101232
3491140188
2277100645
2355546785
1955524225
89320594
3304487900
3728513193
1062561586
915909221
2089545528
1921085626
4128065364
3970347531
1964446760
146488393
120896524
2997808452
92100167
3846580098
1492435988
2014205639
1255253680
3395264460
3232902754
645047199
602768252
3878920566
4055512325
2901534530
1634293739
657755087
3734719329
2538479740
2961866588
1988134991
2457295342
2856163880
832425621
991458386
4113586665
884505138
1818404495
3334026467
884332229
2734447058
3604244309
3406729022
594554359
4294269769
307449011
1220532987
687567664
3099496498
4244264283
4269152362
615750669
3998904250
3554031945
1716506489
1842627797
778357338
3581840177
2089348025
2100473833
1748655927
3213210609
1969456406
1555742316
3772454474
1517668042
4095418825
1701139581
904618398
3986765209
2325286419
2008396400
980245566
2462950313
1467999451
3091564907
1205451872
3525343987
3138201589
945930200
4145475542
3184495059
3662156354
3275937448
331715081
580754677
4215589543
1236493786
1692335708
827236596
1941841123
1298724415
2621609452
1012404729
2404268551
681700908
999153668
959624177
3658820924
375075928
2837773811
1067063630
155723505
4122090508
1002605264
1364112745
4111981303
661082032
2125408008
1786774994
1496757775
4089213459
1756426075
2337529713
1510618531
928247389
2278817333
108607741
1421389255
3303129869
3023725521
396779725
572377444
218610400
250683975
2286822178
597189858
2472467885
2298421177
2674990008
251418031
3440098445
4263847991
1592911891
2432149110
1560301261
2803027970
2286563812
1238248012
2843384407
3165291841
2703665591
746583044
3208137991
1927702699
2912314849
2045046324
2276337737
2497207775
2457834916
724619661
384279924
4126186209
3064839500
4127083849
924861681
215519803
790129482
143279291
3006905138
2058689852
2757392459
471552246
3162262483
1249435236
3156557757
3091901117
617281691
1074332205
2826287159
3348786837
1335529457
2641723957
897034744
3510385252
3470069206
2888343584
643156743
1592442260
2790995480
588768256
2976012032
2376382516
2719376358
467476363
2981784125
3914643902
614480161
1890485757
484587688
284016459
2893699459
3101196779
1635031917
3401705389
452028903
1175803493
1521918304
3558370783
4228634090
2024155645
3026008020
2999180503
1467819106
2051732238
4190151896
1343313390
1027844563
918132172
4258190390
2475841365
1737396466
3110821350
1384133588
3512616860
400834616
3498930425
1922151944
3199512614
2015248074
3570409889
3274253815
4276382693
2782306659
407259898
1801596565
1412640940
3668199567
4269911216
2621293873
1901054891
3622943394
552781117
1696385123
2180333621
562474839
1803583740
439466985
3501622743
3324994697
1674178820
3941437902
300917216
3487932885
1928276741
437844548
2525494418
675117964
125293111
1232771554
4081005205
684829961
622398879
2029176459
2101106639
684605091
213655655
4159805173
3998395662
3058592392
3824691453
1675009059
3302069531
660768112
2292485789
1555475043
1889318605
199094065
87364692
2689757335
1037265862
873183702
2525823865
2325488964
1560422094
2461368926
1089012749
1051695875
3764298654
2166633410
3385949760
469787850
646623477
3698871233
1190847030
1316873821
103353340
1021341422
529497238
210196580
2467852510
2689832903
2579206319
4071637014
3256123305
4165703488
2740599847
1674385274
1836628422
749489786
2677509169
4010662598
1749319010
1142541313
2901554522
3616603466
896214641
1873756961
3846018337
4152824365
443411256
1812986456
2972633960
3913858136
483085684
1263731253
674971778
335756520
2469226943
250179688
2103156734
2065292063
2582081759
2958161025
4067477999
2738438762
1202486521
2985074401
3299944306
2505302884
3715307060
1036012178
4241500923
3495219737
1571388142
4073667987
1523572951
552794413
1540878986
1546445471
3909944416
3090195526
3755777495
3356406748
2647121513
56295232
181139810
2470137925
986703970
486938030
1191413362
780139710
1274339603
1530270814
1929405876
1497234905
1153599778
1790560354
2399746204
1619326761
1782889039
1082576593
1403004546
2177910597
3701167234
787507710
3840820436
1623105313
738797874
2511343701
3955773005
3685965063
1102492002
3851169531
1776369213
749174398
1485469321
3376355526
1638764615
180374853
3077385864
3305779196
3675720623
632161719
259123642
802287672
994495518
4233982058
3326995255
2957072527
242787713
442928542
2021976588
507216714
498891101
823227431
1682676801
3740964104
2290398886
780759347
4187728639
2300456389
2387047846
3521374577
2362430820
407920163
1114391665
270810212
1117182743
22741852
4130209509
3018826908
191351043
3787504454
4232850864
684597179
4003538313
3920418236
2697483736
1957314239
3090353793
2489373449
1581089974
1564797037
668196391
1973080990
704301900
3553145131
2463271671
1652153965
4247201289
1682915650
3624731999
3436348616
1071726308
3582098802
522962541
1945008732
168347875
3897716814
2724245917
1286683982
3074258761
1157139886
4252753955
3873324415
267865217
132812528
1566896842
1819979583
825509396
627198196
1603376235
938027495
4248775554
1440105920
2963197328
756541382
432056863
1091736099
3694863361
1775737195
2844395552
339418539
1434532135
2971835712
3076724158
133839751
1895296782
3793539958
2675801512
871092687
1213483975
3396015455
2574094467
4059253430
2325195467
2351658149
689554976
2807532132
4274297149
4075310989
2901133680
407517609
2007531731
4069489298
3825263568
2013168291
4098187741
3986950108
1640853326
654671048
2450568920
1565156639
1304889025
3331013868
4248878279
3275955120
1895755276
550074623
3065215285
3969866043
886227044
2770888743
3351176019
1775867611
3800872659
3922133678
3519926658
2691076355
3945917261
374510377
507693768
413211038
2201249569
2289667288
505154883
2685059716
3978389729
3612086412
1300073991
3740853389
1999917083
3835454266
1887847490
1169124408
697431039
2665819730
3645540017
3171089277
435662265
1067526829
209223138
1643584030
1234057817
4294225008
617073329
3245723160
3690198523
728476971
3893553377
3353968379
3898923491
3266469817
1320771366
810812188
1582062663
822969736
3602883536
2813046763
31054676
962103035
3007941928
252207525
3096015783
617028160
120851530
2646583707
2358061485
1161089254
1472430162
2513775000
182234414
2369320531
350718488
768342105
4098395705
310101568
4243131172
1621848185
874944527
4179684103
1556243660
3835483299
3352547249
21846414
404549240
3833975283
3138525080
3159196035
1264283046
1999983640
411684367
1644821104
3631996344
362304580
846441347
3825492802
844255736
2646423628
703739681
848932696
556580730
1569200823
2877593336
1567304986
2356473005
2656446748
1792928777
822364665
1157337465
3327504827
3471815206
755181723
3754260280
2747074884
576568728
3750740529
2808578178
2613200436
1392409208
3228726743
3240000993
1594779542
2464075508
744748594
2712514850
2598823796
829825841
1522866435
3185845831
3237715955
2301402430
135574273
1985708936
892035143
616200247
2759162622
2479263435
1290680988
2804730157
314861546
2397711925
1969819299
3763244651
3302893347
4021150348
2436951376
764774842
3406039242
2138802048
2095678426
3360424393
4061298503
1809751217
889224570
3700242633
3918681510
3739694809
3672632426
2047401619
3246694084
593689352
670747569
1372553986
1556112762
613367521
1629921636
3765024374
2221420914
71346555
2075779492
3429897874
2660716137
841195169
525656834
947509383
4051491709
3803010708
690644481
3342009832
1408037992
2446766330
2717836436
3115686984
2305239407
742319544
1373016932
3610309534
2030318108
1943020393
3595193170
1112079860
188144958
474346960
2060871825
964314729
914039648
1608532496
2727561151
861410248
4179712193
2179022481
3954905612
1266060148
2141479484
3135537961
3559320680
301756270
267572488
163240815
377469801
2650010059
4068528554
1248965585
841067842
1622414360
3029388504
1724883432
4069225627
4290775815
312571620
3575694940
1674450988
3360094974
2024810408
3064143788
2145941011
3574459271
4155185971
3584197062
1460683072
3813853628
1334492057
6962312
2971858845
3334299534
1894396844
1954830985
1875737038
2743003353
3598655136
2673878402
3340256225
2920498581
2601408773
719053005
1000179701
1089599281
2618363033
1654053529
1418841889
3591177857
3110393867
1131250880
2486879184
976853913
1549541840
388227862
273723617
1537763772
4239939745
3133027090
2303211081
3810027160
2886150956
1775826614
1056682199
1541768020
1955264863
1005166524
13268843
3248002061
3078763429
2307731142
2862476510
2347234724
2407590655
3732957086
3906914561
963352332
3844650539
385072161
3595599981
1946206356
4254623594
1784410277
3301882522
642327854
4218810230
488366271
1734178592
997708047
3078626710
294926087
2809447709
4293399885
1705581166
3087878964
2982546888
3262779504
2345563129
1476032868
1118113715
30098180
3297509995
952143166
2504532487
3129646656
1457205693
311583944
4016606519
3143894555
2084142885
1825233722
2478448724
1506671854
1460685885
3012819505
2748594094
1974948896
3984395777
4016188407
4271962451
238264667
4290412988
1383480531
3067316879
2466151613
2773972074
1972433553
4234706934
1466109506
1900835141
3715541380
1614029247
1053273950
3009731351
3476887205
2212446771
3616872747
2196407477
2064627126
3442074263
480235693
2268287159
4251773894
1502624082
2529916146
1785002451
2356473773
3299444375
1835998379
727407727
1467417689
2399208085
2919925283
1371462094
2964562104
4214996789
531252486
232583702
2669728280
2155750614
3868196284
1726101712
2078208899
981391467
1710191076
1901355160
3900990060
831891838
2167985419
288826715
3153305273
1937035358
2846620791
659806208
2194062115
2764412764
1482270925
2944428339
1119126625
2389145414
4226006007
1281595547
3945633202
846604615
1077844503
4126894935
2820697427
2698278244
4111138882
1264718908
675119705
1863395216
2652269676
917448454
3349089732
3074715135
1858633059
1605394264
1252971179
3061150873
1444071921
3309644006
3706172236
1165653399
966420581
1453289026
3821438011
2977530494
3526593257
1041215155
904593424
3557113916
915008966
268792845
4065624295
2248828336
1441033147
3337085921
4136729392
3406145846
3585448044
3671635571
3360224668
913594712
2102150711
1549767048
3371774767
3858487646
531044131
3323633393
4084705193
3319142947
1367277233
2292340155
1301588055
851450971
1020542792
2067724554
2129916044
1780111455
4263668769
2346823876
2622624216
1307670562
3143581845
313752981
2863867423
3870702500
958863258
1205261350
3713114711
970830556
1723123686
3797711432
2258826769
4072835086
2320364130
469583066
1926019578
3820351092
1074488687
2656759476
2024695890
1770001734
1982276611
3712486288
2292189643
1467529693
1076380889
2747896343
1656747304
12214061
3059350555
1879607347
2789504488
770935967
2407958031
4249125973
2558052644
532412716
984265450
2968617658
3705693108
2298610003
4083998466
2002325800
2268245239
2909104728
1690936290
3601247646
2216152337
1352034862
293932789
2939176840
2645707143
288410938
