100 4950 1 100
1 100 1
2 100 1
3 100 1
4 100 1
5 100 1
6 100 1
7 100 1
8 100 1
9 100 1
10 100 1
11 100 1
12 100 1
13 100 1
14 100 1
15 100 1
16 100 1
17 100 1
18 100 1
19 100 1
20 100 1
21 100 1
22 100 1
23 100 1
24 100 1
25 100 1
26 100 1
27 100 1
28 100 1
29 100 1
30 100 1
31 100 1
32 100 1
33 100 1
34 100 1
35 100 1
36 100 1
37 100 1
38 100 1
39 100 1
40 100 1
41 100 1
42 100 1
43 100 1
44 100 1
45 100 1
46 100 1
47 100 1
48 100 1
49 100 1
50 100 1
51 100 1
52 100 1
53 100 1
54 100 1
55 100 1
56 100 1
57 100 1
58 100 1
59 100 1
60 100 1
61 100 1
62 100 1
63 100 1
64 100 1
65 100 1
66 100 1
67 100 1
68 100 1
69 100 1
70 100 1
71 100 1
72 100 1
73 100 1
74 100 1
75 100 1
76 100 1
77 100 1
78 100 1
79 100 1
80 100 1
81 100 1
82 100 1
83 100 1
84 100 1
85 100 1
86 100 1
87 100 1
88 100 1
89 100 1
90 100 1
91 100 1
92 100 1
93 100 1
94 100 1
95 100 1
96 100 1
97 100 1
98 100 1
99 100 1
1 2 183
3 1 224
4 1 335
5 1 457
6 1 587
7 1 679
8 1 724
9 1 857
10 1 954
11 1 1013
12 1 1129
13 1 1300
14 1 1322
15 1 1429
16 1 1551
17 1 1619
18 1 1755
19 1 1837
20 1 1955
21 1 2009
22 1 2169
23 1 2226
24 1 2301
25 1 2482
26 1 2510
27 1 2665
28 1 2789
29 1 2840
30 1 2969
31 1 3080
32 1 3102
33 1 3279
34 1 3348
35 1 3411
36 1 3573
37 1 3604
38 1 3721
39 1 3859
40 1 3926
41 1 4058
42 1 4141
43 1 4251
44 1 4390
45 1 4401
46 1 4591
47 1 4660
48 1 4749
49 1 4846
50 1 4932
51 1 5087
52 1 5111
53 1 5214
54 1 5340
55 1 5473
56 1 5570
57 1 5623
58 1 5733
59 1 5887
60 1 5914
61 1 6083
62 1 6140
63 1 6249
64 1 6399
65 1 6427
66 1 6596
67 1 6697
68 1 6712
69 1 6885
70 1 6926
71 1 7032
72 1 7142
73 1 7251
74 1 7351
75 1 7498
76 1 7533
77 1 7615
78 1 7787
79 1 7813
80 1 7905
81 1 8096
82 1 8176
83 1 8276
84 1 8385
85 1 8425
86 1 8594
87 1 8652
88 1 8800
89 1 8872
90 1 8938
91 1 9024
92 1 9143
93 1 9240
94 1 9365
95 1 9500
96 1 9586
97 1 9686
98 1 9769
99 1 9878
2 3 126
4 2 241
5 2 368
6 2 420
7 2 561
8 2 654
9 2 741
10 2 876
11 2 917
12 2 1030
13 2 1106
14 2 1235
15 2 1322
16 2 1471
17 2 1518
18 2 1601
19 2 1794
20 2 1801
21 2 1973
22 2 2058
23 2 2192
24 2 2298
25 2 2319
26 2 2460
27 2 2585
28 2 2690
29 2 2722
30 2 2875
31 2 2929
32 2 3009
33 2 3183
34 2 3236
35 2 3331
36 2 3444
37 2 3532
38 2 3688
39 2 3756
40 2 3856
41 2 3943
42 2 4022
43 2 4157
44 2 4256
45 2 4341
46 2 4496
47 2 4562
48 2 4627
49 2 4793
50 2 4882
51 2 4988
52 2 5047
53 2 5105
54 2 5291
55 2 5327
56 2 5457
57 2 5552
58 2 5637
59 2 5756
60 2 5823
61 2 5972
62 2 6074
63 2 6145
64 2 6285
65 2 6387
66 2 6461
67 2 6561
68 2 6610
69 2 6752
70 2 6814
71 2 6955
72 2 7093
73 2 7144
74 2 7300
75 2 7371
76 2 7454
77 2 7552
78 2 7655
79 2 7751
80 2 7806
81 2 7993
82 2 8072
83 2 8122
84 2 8209
85 2 8352
86 2 8421
87 2 8591
88 2 8644
89 2 8731
90 2 8851
91 2 8910
92 2 9035
93 2 9153
94 2 9287
95 2 9360
96 2 9413
97 2 9524
98 2 9654
99 2 9798
3 4 135
5 3 297
6 3 395
7 3 481
8 3 518
9 3 604
10 3 759
11 3 883
12 3 973
13 3 1072
14 3 1145
15 3 1223
16 3 1303
17 3 1462
18 3 1508
19 3 1635
20 3 1797
21 3 1803
22 3 1943
23 3 2046
24 3 2112
25 3 2236
26 3 2377
27 3 2421
28 3 2567
29 3 2663
30 3 2770
31 3 2855
32 3 2962
33 3 3007
34 3 3158
35 3 3204
36 3 3397
37 3 3450
38 3 3536
39 3 3670
40 3 3729
41 3 3858
42 3 3901
43 3 4080
44 3 4120
45 3 4237
46 3 4381
47 3 4490
48 3 4594
49 3 4638
50 3 4784
51 3 4835
52 3 4918
53 3 5009
54 3 5138
55 3 5205
56 3 5331
57 3 5405
58 3 5540
59 3 5671
60 3 5742
61 3 5806
62 3 5928
63 3 6046
64 3 6123
65 3 6286
66 3 6308
67 3 6451
68 3 6522
69 3 6654
70 3 6760
71 3 6885
72 3 6947
73 3 7093
74 3 7103
75 3 7222
76 3 7318
77 3 7494
78 3 7571
79 3 7640
80 3 7770
81 3 7863
82 3 7902
83 3 8033
84 3 8110
85 3 8202
86 3 8357
87 3 8435
88 3 8572
89 3 8633
90 3 8754
91 3 8860
92 3 8936
93 3 9082
94 3 9107
95 3 9222
96 3 9356
97 3 9470
98 3 9559
99 3 9633
4 5 189
6 4 252
7 4 313
8 4 417
9 4 555
10 4 624
11 4 798
12 4 846
13 4 911
14 4 1092
15 4 1167
16 4 1258
17 4 1340
18 4 1417
19 4 1595
20 4 1605
21 4 1786
22 4 1809
23 4 1962
24 4 2079
25 4 2199
26 4 2277
27 4 2320
28 4 2413
29 4 2531
30 4 2691
31 4 2711
32 4 2855
33 4 2923
34 4 3076
35 4 3170
36 4 3245
37 4 3380
38 4 3413
39 4 3552
40 4 3635
41 4 3706
42 4 3818
43 4 3999
44 4 4046
45 4 4148
46 4 4272
47 4 4389
48 4 4420
49 4 4549
50 4 4628
51 4 4722
52 4 4891
53 4 4918
54 4 5043
55 4 5139
56 4 5254
57 4 5400
58 4 5463
59 4 5583
60 4 5678
61 4 5788
62 4 5856
63 4 5962
64 4 6082
65 4 6114
66 4 6222
67 4 6363
68 4 6457
69 4 6574
70 4 6684
71 4 6723
72 4 6860
73 4 6975
74 4 7089
75 4 7159
76 4 7253
77 4 7338
78 4 7465
79 4 7573
80 4 7674
81 4 7790
82 4 7833
83 4 7994
84 4 8030
85 4 8132
86 4 8224
87 4 8371
88 4 8477
89 4 8560
90 4 8692
91 4 8799
92 4 8817
93 4 8947
94 4 9077
95 4 9150
96 4 9276
97 4 9329
98 4 9484
99 4 9589
5 6 187
7 5 282
8 5 368
9 5 489
10 5 558
11 5 628
12 5 737
13 5 885
14 5 914
15 5 1026
16 5 1134
17 5 1278
18 5 1386
19 5 1481
20 5 1544
21 5 1663
22 5 1768
23 5 1818
24 5 1902
25 5 2080
26 5 2151
27 5 2255
28 5 2318
29 5 2404
30 5 2504
31 5 2696
32 5 2719
33 5 2882
34 5 2999
35 5 3071
36 5 3126
37 5 3206
38 5 3313
39 5 3450
40 5 3596
41 5 3700
42 5 3751
43 5 3868
44 5 3920
45 5 4074
46 5 4140
47 5 4226
48 5 4393
49 5 4460
50 5 4573
51 5 4610
52 5 4783
53 5 4893
54 5 4926
55 5 5090
56 5 5115
57 5 5228
58 5 5304
59 5 5478
60 5 5526
61 5 5657
62 5 5766
63 5 5851
64 5 5947
65 5 6055
66 5 6151
67 5 6261
68 5 6314
69 5 6462
70 5 6538
71 5 6667
72 5 6705
73 5 6870
74 5 6987
75 5 7044
76 5 7126
77 5 7227
78 5 7363
79 5 7486
80 5 7510
81 5 7637
82 5 7786
83 5 7857
84 5 7970
85 5 8054
86 5 8125
87 5 8270
88 5 8388
89 5 8403
90 5 8512
91 5 8626
92 5 8749
93 5 8814
94 5 8944
95 5 9062
96 5 9156
97 5 9287
98 5 9303
99 5 9484
6 7 189
8 6 239
9 6 396
10 6 481
11 6 530
12 6 683
13 6 725
14 6 882
15 6 926
16 6 1021
17 6 1189
18 6 1292
19 6 1329
20 6 1475
21 6 1542
22 6 1633
23 6 1774
24 6 1861
25 6 1966
26 6 2045
27 6 2113
28 6 2221
29 6 2353
30 6 2422
31 6 2524
32 6 2616
33 6 2784
34 6 2818
35 6 2951
36 6 3011
37 6 3149
38 6 3257
39 6 3306
40 6 3438
41 6 3574
42 6 3670
43 6 3755
44 6 3844
45 6 3915
46 6 4045
47 6 4192
48 6 4273
49 6 4357
50 6 4464
51 6 4543
52 6 4624
53 6 4718
54 6 4844
55 6 4934
56 6 5092
57 6 5141
58 6 5233
59 6 5316
60 6 5452
61 6 5551
62 6 5637
63 6 5779
64 6 5829
65 6 5972
66 6 6076
67 6 6171
68 6 6288
69 6 6381
70 6 6463
71 6 6522
72 6 6680
73 6 6752
74 6 6851
75 6 6920
76 6 7004
77 6 7199
78 6 7277
79 6 7337
80 6 7494
81 6 7587
82 6 7698
83 6 7754
84 6 7877
85 6 7989
86 6 8034
87 6 8182
88 6 8219
89 6 8358
90 6 8475
91 6 8565
92 6 8667
93 6 8790
94 6 8851
95 6 8991
96 6 9094
97 6 9140
98 6 9280
99 6 9329
7 8 135
9 7 296
10 7 335
11 7 471
12 7 527
13 7 637
14 7 701
15 7 809
16 7 998
17 7 1067
18 7 1134
19 7 1211
20 7 1388
21 7 1448
22 7 1520
23 7 1687
24 7 1722
25 7 1889
26 7 1931
27 7 2014
28 7 2163
29 7 2243
30 7 2394
31 7 2412
32 7 2570
33 7 2620
34 7 2772
35 7 2868
36 7 2935
37 7 3060
38 7 3165
39 7 3255
40 7 3327
41 7 3462
42 7 3507
43 7 3621
44 7 3712
45 7 3854
46 7 3984
47 7 4045
48 7 4157
49 7 4276
50 7 4312
51 7 4499
52 7 4506
53 7 4679
54 7 4785
55 7 4872
56 7 4953
57 7 5015
58 7 5103
59 7 5211
60 7 5305
61 7 5404
62 7 5585
63 7 5629
64 7 5780
65 7 5849
66 7 5925
67 7 6099
68 7 6108
69 7 6251
70 7 6322
71 7 6413
72 7 6552
73 7 6681
74 7 6720
75 7 6836
76 7 6964
77 7 7062
78 7 7132
79 7 7248
80 7 7380
81 7 7456
82 7 7537
83 7 7687
84 7 7751
85 7 7880
86 7 7956
87 7 8055
88 7 8125
89 7 8234
90 7 8361
91 7 8463
92 7 8515
93 7 8664
94 7 8728
95 7 8892
96 7 8989
97 7 9094
98 7 9164
99 7 9291
8 9 157
10 8 215
11 8 362
12 8 460
13 8 546
14 8 680
15 8 744
16 8 816
17 8 925
18 8 1002
19 8 1142
20 8 1244
21 8 1373
22 8 1402
23 8 1565
24 8 1623
25 8 1749
26 8 1895
27 8 1918
28 8 2089
29 8 2169
30 8 2256
31 8 2393
32 8 2404
33 8 2586
34 8 2623
35 8 2770
36 8 2836
37 8 2975
38 8 3036
39 8 3193
40 8 3295
41 8 3336
42 8 3496
43 8 3581
44 8 3668
45 8 3741
46 8 3860
47 8 3927
48 8 4042
49 8 4109
50 8 4260
51 8 4305
52 8 4451
53 8 4594
54 8 4629
55 8 4792
56 8 4819
57 8 4969
58 8 5058
59 8 5167
60 8 5250
61 8 5338
62 8 5466
63 8 5510
64 8 5665
65 8 5793
66 8 5856
67 8 5923
68 8 6097
69 8 6177
70 8 6265
71 8 6350
72 8 6450
73 8 6588
74 8 6608
75 8 6717
76 8 6842
77 8 6924
78 8 7074
79 8 7113
80 8 7206
81 8 7382
82 8 7472
83 8 7571
84 8 7627
85 8 7725
86 8 7866
87 8 7920
88 8 8023
89 8 8179
90 8 8212
91 8 8381
92 8 8470
93 8 8504
94 8 8654
95 8 8711
96 8 8814
97 8 8999
98 8 9082
99 8 9153
9 10 142
11 9 203
12 9 361
13 9 450
14 9 543
15 9 700
16 9 759
17 9 825
18 9 987
19 9 1075
20 9 1116
21 9 1290
22 9 1366
23 9 1479
24 9 1581
25 9 1639
26 9 1720
27 9 1819
28 9 1944
29 9 2044
30 9 2197
31 9 2255
32 9 2365
33 9 2409
34 9 2563
35 9 2650
36 9 2765
37 9 2853
38 9 2991
39 9 3047
40 9 3142
41 9 3215
42 9 3385
43 9 3463
44 9 3558
45 9 3666
46 9 3704
47 9 3885
48 9 3925
49 9 4064
50 9 4110
51 9 4248
52 9 4338
53 9 4445
54 9 4506
55 9 4627
56 9 4711
57 9 4818
58 9 4934
59 9 5070
60 9 5173
61 9 5212
62 9 5308
63 9 5432
64 9 5517
65 9 5606
66 9 5795
67 9 5894
68 9 5901
69 9 6020
70 9 6104
71 9 6244
72 9 6372
73 9 6459
74 9 6594
75 9 6681
76 9 6705
77 9 6831
78 9 6927
79 9 7043
80 9 7199
81 9 7278
82 9 7399
83 9 7419
84 9 7503
85 9 7663
86 9 7748
87 9 7847
88 9 7933
89 9 8019
90 9 8196
91 9 8246
92 9 8314
93 9 8467
94 9 8565
95 9 8672
96 9 8740
97 9 8876
98 9 8982
99 9 9041
10 11 185
12 10 226
13 10 381
14 10 453
15 10 570
16 10 657
17 10 737
18 10 823
19 10 981
20 10 1079
21 10 1102
22 10 1239
23 10 1304
24 10 1435
25 10 1550
26 10 1662
27 10 1746
28 10 1840
29 10 1914
30 10 2063
31 10 2105
32 10 2286
33 10 2357
34 10 2462
35 10 2570
36 10 2670
37 10 2766
38 10 2885
39 10 2964
40 10 3010
41 10 3141
42 10 3268
43 10 3303
44 10 3487
45 10 3521
46 10 3664
47 10 3787
48 10 3897
49 10 3973
50 10 4071
51 10 4197
52 10 4228
53 10 4307
54 10 4483
55 10 4508
56 10 4641
57 10 4793
58 10 4840
59 10 4992
60 10 5085
61 10 5196
62 10 5296
63 10 5370
64 10 5424
65 10 5525
66 10 5628
67 10 5714
68 10 5855
69 10 5966
70 10 6015
71 10 6150
72 10 6201
73 10 6328
74 10 6418
75 10 6565
76 10 6671
77 10 6755
78 10 6810
79 10 6968
80 10 7057
81 10 7108
82 10 7230
83 10 7319
84 10 7434
85 10 7503
86 10 7605
87 10 7742
88 10 7886
89 10 7977
90 10 8035
91 10 8106
92 10 8243
93 10 8381
94 10 8477
95 10 8510
96 10 8659
97 10 8755
98 10 8850
99 10 8988
11 12 149
13 11 220
14 11 387
15 11 421
16 11 521
17 11 677
18 11 726
19 11 885
20 11 928
21 11 1053
22 11 1162
23 11 1288
24 11 1397
25 11 1406
26 11 1579
27 11 1610
28 11 1738
29 11 1839
30 11 1915
31 11 2016
32 11 2184
33 11 2270
34 11 2400
35 11 2452
36 11 2516
37 11 2639
38 11 2739
39 11 2899
40 11 2991
41 11 3070
42 11 3106
43 11 3297
44 11 3349
45 11 3422
46 11 3554
47 11 3670
48 11 3781
49 11 3859
50 11 3943
51 11 4095
52 11 4146
53 11 4251
54 11 4304
55 11 4462
56 11 4549
57 11 4619
58 11 4728
59 11 4876
60 11 4932
61 11 5073
62 11 5142
63 11 5285
64 11 5387
65 11 5485
66 11 5549
67 11 5682
68 11 5780
69 11 5844
70 11 5929
71 11 6034
72 11 6155
73 11 6225
74 11 6373
75 11 6413
76 11 6516
77 11 6644
78 11 6764
79 11 6851
80 11 6951
81 11 7045
82 11 7166
83 11 7278
84 11 7397
85 11 7500
86 11 7549
87 11 7695
88 11 7778
89 11 7894
90 11 7965
91 11 8051
92 11 8118
93 11 8248
94 11 8397
95 11 8448
96 11 8510
97 11 8601
98 11 8794
99 11 8860
12 13 153
14 12 215
15 12 367
16 12 493
17 12 529
18 12 622
19 12 706
20 12 848
21 12 910
22 12 1059
23 12 1136
24 12 1246
25 12 1321
26 12 1422
27 12 1540
28 12 1621
29 12 1745
30 12 1842
31 12 1993
32 12 2036
33 12 2200
34 12 2219
35 12 2394
36 12 2426
37 12 2572
38 12 2657
39 12 2770
40 12 2803
41 12 2925
42 12 3095
43 12 3160
44 12 3276
45 12 3317
46 12 3439
47 12 3543
48 12 3663
49 12 3792
50 12 3875
51 12 3906
52 12 4041
53 12 4145
54 12 4299
55 12 4371
56 12 4464
57 12 4508
58 12 4607
59 12 4773
60 12 4891
61 12 4945
62 12 5065
63 12 5147
64 12 5251
65 12 5366
66 12 5456
67 12 5520
68 12 5611
69 12 5711
70 12 5819
71 12 5958
72 12 6075
73 12 6184
74 12 6245
75 12 6312
76 12 6408
77 12 6552
78 12 6673
79 12 6741
80 12 6808
81 12 6907
82 12 7050
83 12 7113
84 12 7233
85 12 7363
86 12 7410
87 12 7539
88 12 7615
89 12 7770
90 12 7882
91 12 7941
92 12 8089
93 12 8134
94 12 8264
95 12 8356
96 12 8491
97 12 8553
98 12 8659
99 12 8763
13 14 185
15 13 204
16 13 398
17 13 487
18 13 552
19 13 693
20 13 738
21 13 867
22 13 919
23 13 1030
24 13 1136
25 13 1224
26 13 1393
27 13 1478
28 13 1503
29 13 1639
30 13 1725
31 13 1880
32 13 1907
33 13 2052
34 13 2143
35 13 2225
36 13 2306
37 13 2419
38 13 2586
39 13 2693
40 13 2746
41 13 2806
42 13 2954
43 13 3008
44 13 3166
45 13 3217
46 13 3386
47 13 3410
48 13 3570
49 13 3653
50 13 3757
51 13 3802
52 13 3979
53 13 4010
54 13 4167
55 13 4262
56 13 4313
57 13 4433
58 13 4595
59 13 4644
60 13 4751
61 13 4812
62 13 4919
63 13 5051
64 13 5148
65 13 5282
66 13 5382
67 13 5488
68 13 5547
69 13 5645
70 13 5770
71 13 5818
72 13 5973
73 13 6084
74 13 6139
75 13 6264
76 13 6342
77 13 6440
78 13 6528
79 13 6644
80 13 6739
81 13 6875
82 13 6969
83 13 7071
84 13 7137
85 13 7221
86 13 7303
87 13 7497
88 13 7531
89 13 7648
90 13 7729
91 13 7891
92 13 7938
93 13 8083
94 13 8131
95 13 8286
96 13 8318
97 13 8469
98 13 8598
99 13 8602
14 15 179
16 14 253
17 14 323
18 14 477
19 14 538
20 14 657
21 14 750
22 14 889
23 14 995
24 14 1074
25 14 1113
26 14 1207
27 14 1349
28 14 1485
29 14 1548
30 14 1606
31 14 1787
32 14 1820
33 14 1937
34 14 2048
35 14 2143
36 14 2232
37 14 2371
38 14 2406
39 14 2518
40 14 2640
41 14 2741
42 14 2820
43 14 2954
44 14 3033
45 14 3121
46 14 3264
47 14 3400
48 14 3488
49 14 3592
50 14 3699
51 14 3752
52 14 3804
53 14 3917
54 14 4050
55 14 4124
56 14 4219
57 14 4363
58 14 4479
59 14 4594
60 14 4622
61 14 4711
62 14 4852
63 14 4964
64 14 5082
65 14 5113
66 14 5296
67 14 5321
68 14 5462
69 14 5533
70 14 5610
71 14 5717
72 14 5877
73 14 5932
74 14 6064
75 14 6144
76 14 6228
77 14 6395
78 14 6454
79 14 6506
80 14 6642
81 14 6736
82 14 6869
83 14 6918
84 14 7080
85 14 7194
86 14 7228
87 14 7367
88 14 7478
89 14 7521
90 14 7675
91 14 7759
92 14 7875
93 14 7919
94 14 8042
95 14 8175
96 14 8227
97 14 8375
98 14 8414
99 14 8540
15 16 181
17 15 224
18 15 363
19 15 434
20 15 514
21 15 648
22 15 741
23 15 863
24 15 913
25 15 1061
26 15 1175
27 15 1287
28 15 1384
29 15 1462
30 15 1509
31 15 1656
32 15 1749
33 15 1843
34 15 1984
35 15 2073
36 15 2187
37 15 2235
38 15 2362
39 15 2416
40 15 2585
41 15 2606
42 15 2786
43 15 2807
44 15 2918
45 15 3093
46 15 3199
47 15 3212
48 15 3326
49 15 3491
50 15 3547
51 15 3685
52 15 3744
53 15 3824
54 15 3997
55 15 4024
56 15 4124
57 15 4205
58 15 4311
59 15 4489
60 15 4512
61 15 4634
62 15 4732
63 15 4865
64 15 4941
65 15 5079
66 15 5171
67 15 5273
68 15 5400
69 15 5482
70 15 5541
71 15 5652
72 15 5765
73 15 5828
74 15 5986
75 15 6073
76 15 6198
77 15 6296
78 15 6306
79 15 6472
80 15 6600
81 15 6656
82 15 6745
83 15 6839
84 15 6915
85 15 7047
86 15 7108
87 15 7217
88 15 7370
89 15 7444
90 15 7541
91 15 7673
92 15 7756
93 15 7850
94 15 7971
95 15 8088
96 15 8182
97 15 8282
98 15 8347
99 15 8406
16 17 194
18 16 286
19 16 363
20 16 431
21 16 507
22 16 700
23 16 725
24 16 894
25 16 970
26 16 1011
27 16 1143
28 16 1233
29 16 1316
30 16 1448
31 16 1574
32 16 1655
33 16 1779
34 16 1857
35 16 1919
36 16 2069
37 16 2191
38 16 2254
39 16 2368
40 16 2445
41 16 2553
42 16 2606
43 16 2702
44 16 2805
45 16 2962
46 16 3005
47 16 3151
48 16 3219
49 16 3375
50 16 3468
51 16 3596
52 16 3621
53 16 3704
54 16 3855
55 16 3917
56 16 4086
57 16 4105
58 16 4224
59 16 4306
60 16 4438
61 16 4586
62 16 4622
63 16 4748
64 16 4881
65 16 4951
66 16 5048
67 16 5165
68 16 5223
69 16 5339
70 16 5484
71 16 5552
72 16 5692
73 16 5789
74 16 5829
75 16 5916
76 16 6032
77 16 6185
78 16 6268
79 16 6369
80 16 6459
81 16 6547
82 16 6651
83 16 6760
84 16 6857
85 16 6918
86 16 7051
87 16 7138
88 16 7280
89 16 7381
90 16 7458
91 16 7512
92 16 7610
93 16 7755
94 16 7867
95 16 7932
96 16 8084
97 16 8196
98 16 8268
99 16 8384
17 18 138
19 17 229
20 17 344
21 17 461
22 17 532
23 17 672
24 17 739
25 17 849
26 17 969
27 17 1087
28 17 1107
29 17 1237
30 17 1315
31 17 1477
32 17 1592
33 17 1632
34 17 1711
35 17 1813
36 17 1901
37 17 2028
38 17 2146
39 17 2246
40 17 2349
41 17 2454
42 17 2586
43 17 2615
44 17 2780
45 17 2811
46 17 2972
47 17 3079
48 17 3183
49 17 3257
50 17 3342
51 17 3468
52 17 3551
53 17 3664
54 17 3778
55 17 3827
56 17 3924
57 17 4035
58 17 4183
59 17 4299
60 17 4325
61 17 4485
62 17 4508
63 17 4672
64 17 4794
65 17 4869
66 17 4970
67 17 5095
68 17 5188
69 17 5227
70 17 5315
71 17 5419
72 17 5552
73 17 5633
74 17 5757
75 17 5889
76 17 5925
77 17 6019
78 17 6185
79 17 6211
80 17 6334
81 17 6430
82 17 6556
83 17 6622
84 17 6750
85 17 6854
86 17 6904
87 17 7021
88 17 7112
89 17 7241
90 17 7301
91 17 7423
92 17 7539
93 17 7695
94 17 7786
95 17 7861
96 17 7909
97 17 8033
98 17 8158
99 17 8213
18 19 135
20 18 201
21 18 367
22 18 494
23 18 574
24 18 695
25 18 704
26 18 877
27 18 990
28 18 1064
29 18 1135
30 18 1294
31 18 1332
32 18 1436
33 18 1570
34 18 1670
35 18 1755
36 18 1862
37 18 1989
38 18 2080
39 18 2134
40 18 2209
41 18 2390
42 18 2475
43 18 2598
44 18 2641
45 18 2728
46 18 2875
47 18 2976
48 18 3014
49 18 3182
50 18 3209
51 18 3350
52 18 3452
53 18 3557
54 18 3659
55 18 3780
56 18 3833
57 18 3915
58 18 4059
59 18 4170
60 18 4228
61 18 4309
62 18 4452
63 18 4535
64 18 4659
65 18 4757
66 18 4867
67 18 4970
68 18 5006
69 18 5157
70 18 5281
71 18 5335
72 18 5474
73 18 5586
74 18 5678
75 18 5703
76 18 5882
77 18 5931
78 18 6059
79 18 6184
80 18 6269
81 18 6377
82 18 6426
83 18 6548
84 18 6693
85 18 6740
86 18 6897
87 18 6975
88 18 7042
89 18 7111
90 18 7210
91 18 7338
92 18 7405
93 18 7555
94 18 7679
95 18 7742
96 18 7861
97 18 7931
98 18 8076
99 18 8177
19 20 123
21 19 296
22 19 370
23 19 496
24 19 567
25 19 613
26 19 714
27 19 844
28 19 953
29 19 1033
30 19 1154
31 19 1228
32 19 1326
33 19 1493
34 19 1552
35 19 1604
36 19 1784
37 19 1858
38 19 2000
39 19 2064
40 19 2192
41 19 2291
42 19 2346
43 19 2447
44 19 2527
45 19 2609
46 19 2753
47 19 2852
48 19 2981
49 19 3015
50 19 3113
51 19 3293
52 19 3362
53 19 3494
54 19 3598
55 19 3633
56 19 3747
57 19 3884
58 19 3905
59 19 4099
60 19 4153
61 19 4214
62 19 4356
63 19 4469
64 19 4545
65 19 4603
66 19 4710
67 19 4849
68 19 4999
69 19 5049
70 19 5130
71 19 5261
72 19 5306
73 19 5458
74 19 5523
75 19 5638
76 19 5733
77 19 5820
78 19 5971
79 19 6099
80 19 6166
81 19 6295
82 19 6306
83 19 6467
84 19 6541
85 19 6670
86 19 6706
87 19 6868
88 19 6986
89 19 7068
90 19 7173
91 19 7263
92 19 7383
93 19 7413
94 19 7537
95 19 7665
96 19 7712
97 19 7875
98 19 7954
99 19 8019
20 21 171
22 20 239
23 20 322
24 20 461
25 20 568
26 20 669
27 20 793
28 20 825
29 20 946
30 20 1036
31 20 1149
32 20 1246
33 20 1382
34 20 1446
35 20 1561
36 20 1674
37 20 1716
38 20 1818
39 20 1994
40 20 2092
41 20 2161
42 20 2221
43 20 2329
44 20 2466
45 20 2506
46 20 2666
47 20 2757
48 20 2873
49 20 2921
50 20 3052
51 20 3180
52 20 3233
53 20 3378
54 20 3411
55 20 3511
56 20 3612
57 20 3713
58 20 3880
59 20 3978
60 20 4058
61 20 4195
62 20 4256
63 20 4341
64 20 4401
65 20 4534
66 20 4637
67 20 4706
68 20 4821
69 20 4930
70 20 5043
71 20 5147
72 20 5276
73 20 5387
74 20 5474
75 20 5594
76 20 5699
77 20 5751
78 20 5821
79 20 5943
80 20 6007
81 20 6148
82 20 6202
83 20 6380
84 20 6478
85 20 6587
86 20 6640
87 20 6724
88 20 6836
89 20 6963
90 20 7046
91 20 7191
92 20 7223
93 20 7334
94 20 7421
95 20 7541
96 20 7653
97 20 7773
98 20 7837
99 20 7960
21 22 137
23 21 276
24 21 304
25 21 449
26 21 560
27 21 685
28 21 711
29 21 824
30 21 983
31 21 1095
32 21 1200
33 21 1267
34 21 1341
35 21 1429
36 21 1502
37 21 1615
38 21 1792
39 21 1841
40 21 1915
41 21 2044
42 21 2105
43 21 2269
44 21 2342
45 21 2457
46 21 2516
47 21 2700
48 21 2754
49 21 2815
50 21 2946
51 21 3075
52 21 3117
53 21 3231
54 21 3382
55 21 3453
56 21 3508
57 21 3623
58 21 3780
59 21 3807
60 21 3993
61 21 4095
62 21 4113
63 21 4300
64 21 4367
65 21 4466
66 21 4581
67 21 4628
68 21 4792
69 21 4888
70 21 4962
71 21 5006
72 21 5103
73 21 5234
74 21 5354
75 21 5429
76 21 5552
77 21 5614
78 21 5772
79 21 5814
80 21 5938
81 21 6079
82 21 6164
83 21 6234
84 21 6346
85 21 6492
86 21 6522
87 21 6667
88 21 6770
89 21 6830
90 21 6995
91 21 7089
92 21 7161
93 21 7246
94 21 7342
95 21 7451
96 21 7555
97 21 7641
98 21 7798
99 21 7898
22 23 117
24 22 266
25 22 389
26 22 436
27 22 518
28 22 683
29 22 797
30 22 865
31 22 994
32 22 1074
33 22 1150
34 22 1280
35 22 1376
36 22 1441
37 22 1511
38 22 1660
39 22 1800
40 22 1865
41 22 1928
42 22 2070
43 22 2187
44 22 2215
45 22 2382
46 22 2416
47 22 2552
48 22 2665
49 22 2756
50 22 2869
51 22 2938
52 22 3096
53 22 3150
54 22 3241
55 22 3372
56 22 3484
57 22 3513
58 22 3660
59 22 3746
60 22 3806
61 22 3909
62 22 4049
63 22 4162
64 22 4294
65 22 4389
66 22 4428
67 22 4544
68 22 4668
69 22 4781
70 22 4894
71 22 4986
72 22 5068
73 22 5146
74 22 5283
75 22 5315
76 22 5454
77 22 5585
78 22 5652
79 22 5758
80 22 5822
81 22 5931
82 22 6013
83 22 6196
84 22 6225
85 22 6388
86 22 6467
87 22 6546
88 22 6692
89 22 6725
90 22 6842
91 22 6906
92 22 7018
93 22 7179
94 22 7228
95 22 7314
96 22 7474
97 22 7546
98 22 7675
99 22 7778
23 24 101
25 23 296
26 23 305
27 23 435
28 23 554
29 23 601
30 23 733
31 23 872
32 23 916
33 23 1023
34 23 1199
35 23 1233
36 23 1320
37 23 1432
38 23 1566
39 23 1629
40 23 1705
41 23 1840
42 23 1916
43 23 2035
44 23 2137
45 23 2234
46 23 2355
47 23 2482
48 23 2589
49 23 2641
50 23 2760
51 23 2810
52 23 2964
53 23 3026
54 23 3109
55 23 3213
56 23 3337
57 23 3487
58 23 3509
59 23 3663
60 23 3721
61 23 3853
62 23 3919
63 23 4084
64 23 4153
65 23 4222
66 23 4331
67 23 4459
68 23 4598
69 23 4626
70 23 4789
71 23 4809
72 23 4964
73 23 5043
74 23 5153
75 23 5220
76 23 5370
77 23 5496
78 23 5553
79 23 5616
80 23 5776
81 23 5819
82 23 5964
83 23 6087
84 23 6162
85 23 6230
86 23 6322
87 23 6472
88 23 6594
89 23 6641
90 23 6739
91 23 6812
92 23 6937
93 23 7036
94 23 7162
95 23 7250
96 23 7337
97 23 7489
98 23 7564
99 23 7700
24 25 174
26 24 273
27 24 332
28 24 451
29 24 513
30 24 687
31 24 724
32 24 863
33 24 968
34 24 1005
35 24 1112
36 24 1228
37 24 1392
38 24 1420
39 24 1529
40 24 1670
41 24 1793
42 24 1891
43 24 1960
44 24 2026
45 24 2117
46 24 2218
47 24 2337
48 24 2413
49 24 2560
50 24 2686
51 24 2742
52 24 2815
53 24 2948
54 24 3063
55 24 3145
56 24 3272
57 24 3332
58 24 3453
59 24 3523
60 24 3658
61 24 3780
62 24 3894
63 24 3921
64 24 4089
65 24 4177
66 24 4205
67 24 4341
68 24 4421
69 24 4545
70 24 4651
71 24 4782
72 24 4891
73 24 4901
74 24 5095
75 24 5199
76 24 5262
77 24 5353
78 24 5422
79 24 5541
80 24 5658
81 24 5797
82 24 5876
83 24 5958
84 24 6062
85 24 6118
86 24 6219
87 24 6343
88 24 6472
89 24 6526
90 24 6673
91 24 6715
92 24 6827
93 24 6974
94 24 7054
95 24 7188
96 24 7269
97 24 7389
98 24 7447
99 24 7594
25 26 116
27 25 241
28 25 364
29 25 433
30 25 518
31 25 629
32 25 724
33 25 884
34 25 962
35 25 1043
36 25 1146
37 25 1238
38 25 1375
39 25 1495
40 25 1579
41 25 1629
42 25 1731
43 25 1842
44 25 1980
45 25 2059
46 25 2147
47 25 2247
48 25 2385
49 25 2440
50 25 2566
51 25 2605
52 25 2782
53 25 2897
54 25 2968
55 25 3025
56 25 3150
57 25 3243
58 25 3385
59 25 3454
60 25 3509
61 25 3637
62 25 3757
63 25 3821
64 25 3978
65 25 4036
66 25 4165
67 25 4222
68 25 4390
69 25 4409
70 25 4527
71 25 4632
72 25 4701
73 25 4898
74 25 4916
75 25 5044
76 25 5164
77 25 5225
78 25 5327
79 25 5453
80 25 5544
81 25 5700
82 25 5780
83 25 5860
84 25 5978
85 25 6035
86 25 6160
87 25 6215
88 25 6382
89 25 6472
90 25 6600
91 25 6642
92 25 6791
93 25 6836
94 25 6995
95 25 7022
96 25 7161
97 25 7217
98 25 7389
99 25 7489
26 27 122
28 26 226
29 26 363
30 26 449
31 26 532
32 26 615
33 26 795
34 26 804
35 26 993
36 26 1018
37 26 1137
38 26 1208
39 26 1394
40 26 1466
41 26 1572
42 26 1625
43 26 1782
44 26 1883
45 26 1929
46 26 2006
47 26 2112
48 26 2293
49 26 2361
50 26 2463
51 26 2532
52 26 2623
53 26 2797
54 26 2874
55 26 2908
56 26 3025
57 26 3153
58 26 3222
59 26 3332
60 26 3410
61 26 3596
62 26 3681
63 26 3747
64 26 3801
65 26 3956
66 26 4085
67 26 4167
68 26 4247
69 26 4394
70 26 4421
71 26 4522
72 26 4656
73 26 4800
74 26 4834
75 26 4921
76 26 5090
77 26 5187
78 26 5222
79 26 5351
80 26 5486
81 26 5580
82 26 5653
83 26 5756
84 26 5829
85 26 5920
86 26 6015
87 26 6175
88 26 6213
89 26 6364
90 26 6441
91 26 6572
92 26 6671
93 26 6771
94 26 6807
95 26 6987
96 26 7063
97 26 7194
98 26 7210
99 26 7396
27 28 124
29 27 240
30 27 351
31 27 477
32 27 532
33 27 634
34 27 766
35 27 802
36 27 993
37 27 1009
38 27 1116
39 27 1220
40 27 1337
41 27 1401
42 27 1588
43 27 1613
44 27 1760
45 27 1812
46 27 1984
47 27 2027
48 27 2175
49 27 2281
50 27 2312
51 27 2435
52 27 2557
53 27 2660
54 27 2768
55 27 2840
56 27 2925
57 27 3072
58 27 3109
59 27 3289
60 27 3375
61 27 3401
62 27 3542
63 27 3613
64 27 3727
65 27 3874
66 27 3998
67 27 4032
68 27 4184
69 27 4272
70 27 4362
71 27 4490
72 27 4502
73 27 4622
74 27 4800
75 27 4811
76 27 4988
77 27 5052
78 27 5151
79 27 5242
80 27 5326
81 27 5475
82 27 5599
83 27 5700
84 27 5755
85 27 5896
86 27 5978
87 27 6098
88 27 6120
89 27 6300
90 27 6378
91 27 6425
92 27 6547
93 27 6664
94 27 6706
95 27 6872
96 27 6901
97 27 7057
98 27 7136
99 27 7256
28 29 154
30 28 240
31 28 367
32 28 430
33 28 597
34 28 650
35 28 708
36 28 834
37 28 968
38 28 1017
39 28 1161
40 28 1243
41 28 1304
42 28 1459
43 28 1535
44 28 1608
45 28 1718
46 28 1815
47 28 1959
48 28 2059
49 28 2174
50 28 2207
51 28 2343
52 28 2497
53 28 2578
54 28 2659
55 28 2731
56 28 2822
57 28 2970
58 28 3037
59 28 3116
60 28 3282
61 28 3330
62 28 3451
63 28 3509
64 28 3657
65 28 3787
66 28 3811
67 28 3972
68 28 4044
69 28 4160
70 28 4280
71 28 4363
72 28 4463
73 28 4535
74 28 4689
75 28 4747
76 28 4836
77 28 4963
78 28 5043
79 28 5160
80 28 5259
81 28 5352
82 28 5408
83 28 5557
84 28 5622
85 28 5748
86 28 5878
87 28 5986
88 28 6027
89 28 6150
90 28 6273
91 28 6371
92 28 6436
93 28 6593
94 28 6687
95 28 6723
96 28 6809
97 28 6975
98 28 7056
99 28 7199
29 30 179
31 29 235
32 29 326
33 29 452
34 29 570
35 29 666
36 29 791
37 29 845
38 29 978
39 29 1028
40 29 1101
41 29 1259
42 29 1376
43 29 1466
44 29 1589
45 29 1609
46 29 1761
47 29 1807
48 29 1974
49 29 2089
50 29 2114
51 29 2290
52 29 2375
53 29 2406
54 29 2535
55 29 2688
56 29 2772
57 29 2896
58 29 2963
59 29 3043
60 29 3118
61 29 3218
62 29 3358
63 29 3426
64 29 3550
65 29 3665
66 29 3704
67 29 3862
68 29 3952
69 29 4006
70 29 4110
71 29 4292
72 29 4307
73 29 4421
74 29 4562
75 29 4658
76 29 4769
77 29 4862
78 29 4920
79 29 5076
80 29 5198
81 29 5227
82 29 5304
83 29 5403
84 29 5527
85 29 5693
86 29 5786
87 29 5892
88 29 5901
89 29 6031
90 29 6118
91 29 6236
92 29 6377
93 29 6435
94 29 6519
95 29 6620
96 29 6745
97 29 6828
98 29 6920
99 29 7099
30 31 128
32 30 297
33 30 394
34 30 473
35 30 566
36 30 658
37 30 772
38 30 881
39 30 952
40 30 1024
41 30 1137
42 30 1205
43 30 1332
44 30 1429
45 30 1561
46 30 1661
47 30 1800
48 30 1826
49 30 1959
50 30 2067
51 30 2121
52 30 2288
53 30 2392
54 30 2487
55 30 2571
56 30 2642
57 30 2769
58 30 2855
59 30 2974
60 30 3078
61 30 3178
62 30 3231
63 30 3357
64 30 3452
65 30 3575
66 30 3604
67 30 3726
68 30 3873
69 30 3943
70 30 4074
71 30 4158
72 30 4281
73 30 4337
74 30 4486
75 30 4516
76 30 4673
77 30 4781
78 30 4835
79 30 4918
80 30 5094
81 30 5154
82 30 5221
83 30 5368
84 30 5401
85 30 5520
86 30 5676
87 30 5737
88 30 5883
89 30 5986
90 30 6032
91 30 6145
92 30 6255
93 30 6315
94 30 6411
95 30 6549
96 30 6623
97 30 6708
98 30 6811
99 30 6902
31 32 112
33 31 244
34 31 363
35 31 478
36 31 528
37 31 603
38 31 778
39 31 814
40 31 915
41 31 1014
42 31 1129
43 31 1207
44 31 1374
45 31 1415
46 31 1517
47 31 1689
48 31 1780
49 31 1846
50 31 1964
51 31 2035
52 31 2189
53 31 2242
54 31 2343
55 31 2452
56 31 2558
57 31 2684
58 31 2748
59 31 2816
60 31 2908
61 31 3083
62 31 3152
63 31 3227
64 31 3383
65 31 3494
66 31 3536
67 31 3689
68 31 3798
69 31 3872
70 31 3982
71 31 4090
72 31 4158
73 31 4213
74 31 4370
75 31 4433
76 31 4551
77 31 4679
78 31 4753
79 31 4860
80 31 4953
81 31 5025
82 31 5170
83 31 5212
84 31 5304
85 31 5482
86 31 5520
87 31 5616
88 31 5735
89 31 5887
90 31 5933
91 31 6023
92 31 6147
93 31 6238
94 31 6375
95 31 6404
96 31 6582
97 31 6692
98 31 6778
99 31 6807
32 33 158
34 32 275
35 32 356
36 32 428
37 32 579
38 32 673
39 32 779
40 32 810
41 32 992
42 32 1009
43 32 1124
44 32 1282
45 32 1319
46 32 1488
47 32 1549
48 32 1633
49 32 1782
50 32 1896
51 32 1993
52 32 2027
53 32 2163
54 32 2248
55 32 2335
56 32 2497
57 32 2585
58 32 2605
59 32 2730
60 32 2863
61 32 2990
62 32 3037
63 32 3191
64 32 3210
65 32 3308
66 32 3410
67 32 3549
68 32 3604
69 32 3710
70 32 3839
71 32 3930
72 32 4032
73 32 4114
74 32 4232
75 32 4387
76 32 4451
77 32 4522
78 32 4673
79 32 4764
80 32 4807
81 32 4949
82 32 5032
83 32 5102
84 32 5240
85 32 5306
86 32 5453
87 32 5555
88 32 5637
89 32 5704
90 32 5813
91 32 5963
92 32 6086
93 32 6104
94 32 6257
95 32 6362
96 32 6410
97 32 6524
98 32 6699
99 32 6776
33 34 120
35 33 297
36 33 308
37 33 410
38 33 503
39 33 698
40 33 759
41 33 810
42 33 978
43 33 1013
44 33 1113
45 33 1222
46 33 1314
47 33 1459
48 33 1508
49 33 1645
50 33 1710
51 33 1868
52 33 1956
53 33 2084
54 33 2110
55 33 2298
56 33 2386
57 33 2458
58 33 2563
59 33 2679
60 33 2761
61 33 2865
62 33 2959
63 33 3084
64 33 3198
65 33 3263
66 33 3356
67 33 3470
68 33 3506
69 33 3675
70 33 3761
71 33 3802
72 33 3969
73 33 4063
74 33 4101
75 33 4268
76 33 4342
77 33 4496
78 33 4572
79 33 4620
80 33 4743
81 33 4863
82 33 4928
83 33 5049
84 33 5116
85 33 5290
86 33 5301
87 33 5493
88 33 5539
89 33 5673
90 33 5730
91 33 5882
92 33 5935
93 33 6019
94 33 6187
95 33 6261
96 33 6377
97 33 6457
98 33 6587
99 33 6649
34 35 198
36 34 232
37 34 358
38 34 447
39 34 507
40 34 608
41 34 791
42 34 882
43 34 934
44 34 1037
45 34 1165
46 34 1257
47 34 1392
48 34 1492
49 34 1557
50 34 1610
51 34 1720
52 34 1865
53 34 1950
54 34 2001
55 34 2159
56 34 2257
57 34 2339
58 34 2415
59 34 2531
60 34 2670
61 34 2789
62 34 2896
63 34 2959
64 34 3033
65 34 3150
66 34 3247
67 34 3313
68 34 3408
69 34 3574
70 34 3647
71 34 3797
72 34 3819
73 34 3924
74 34 4092
75 34 4105
76 34 4271
77 34 4319
78 34 4414
79 34 4576
80 34 4672
81 34 4702
82 34 4846
83 34 4985
84 34 5021
85 34 5181
86 34 5219
87 34 5386
88 34 5446
89 34 5535
90 34 5619
91 34 5787
92 34 5851
93 34 5939
94 34 6094
95 34 6177
96 34 6201
97 34 6350
98 34 6469
99 34 6534
35 36 187
37 35 228
38 35 371
39 35 484
40 35 550
41 35 626
42 35 788
43 35 872
44 35 974
45 35 1023
46 35 1163
47 35 1260
48 35 1320
49 35 1476
50 35 1502
51 35 1632
52 35 1709
53 35 1811
54 35 1952
55 35 2027
56 35 2164
57 35 2259
58 35 2349
59 35 2494
60 35 2599
61 35 2618
62 35 2773
63 35 2842
64 35 2968
65 35 3022
66 35 3149
67 35 3235
68 35 3302
69 35 3401
70 35 3518
71 35 3644
72 35 3737
73 35 3886
74 35 3915
75 35 4085
76 35 4165
77 35 4293
78 35 4309
79 35 4412
80 35 4511
81 35 4681
82 35 4764
83 35 4802
84 35 4959
85 35 5016
86 35 5165
87 35 5218
88 35 5326
89 35 5407
90 35 5570
91 35 5637
92 35 5800
93 35 5815
94 35 5941
95 35 6081
96 35 6181
97 35 6277
98 35 6363
99 35 6428
36 37 105
38 36 253
39 36 302
40 36 443
41 36 594
42 36 675
43 36 764
44 36 850
45 36 988
46 36 1013
47 36 1200
48 36 1216
49 36 1370
50 36 1411
51 36 1583
52 36 1643
53 36 1701
54 36 1878
55 36 1938
56 36 2032
57 36 2199
58 36 2257
59 36 2327
60 36 2481
61 36 2512
62 36 2602
63 36 2784
64 36 2887
65 36 2950
66 36 3078
67 36 3117
68 36 3225
69 36 3385
70 36 3412
71 36 3577
72 36 3611
73 36 3800
74 36 3857
75 36 3913
76 36 4085
77 36 4132
78 36 4214
79 36 4319
80 36 4468
81 36 4553
82 36 4667
83 36 4774
84 36 4895
85 36 4941
86 36 5007
87 36 5186
88 36 5236
89 36 5348
90 36 5484
91 36 5560
92 36 5652
93 36 5768
94 36 5873
95 36 5979
96 36 6043
97 36 6106
98 36 6282
99 36 6315
37 38 176
39 37 280
40 37 306
41 37 467
42 37 512
43 37 612
44 37 743
45 37 837
46 37 946
47 37 1100
48 37 1117
49 37 1256
50 37 1397
51 37 1462
52 37 1563
53 37 1680
54 37 1777
55 37 1869
56 37 1994
57 37 2029
58 37 2169
59 37 2269
60 37 2375
61 37 2403
62 37 2558
63 37 2654
64 37 2788
65 37 2825
66 37 2922
67 37 3068
68 37 3182
69 37 3269
70 37 3364
71 37 3471
72 37 3568
73 37 3651
74 37 3740
75 37 3883
76 37 3923
77 37 4011
78 37 4130
79 37 4227
80 37 4315
81 37 4410
82 37 4528
83 37 4634
84 37 4774
85 37 4891
86 37 4973
87 37 5016
88 37 5145
89 37 5231
90 37 5381
91 37 5428
92 37 5574
93 37 5630
94 37 5712
95 37 5859
96 37 6000
97 37 6034
98 37 6164
99 37 6265
38 39 167
40 38 281
41 38 318
42 38 486
43 38 537
44 38 659
45 38 745
46 38 884
47 38 993
48 38 1064
49 38 1180
50 38 1267
51 38 1368
52 38 1486
53 38 1554
54 38 1685
55 38 1727
56 38 1862
57 38 1927
58 38 2091
59 38 2129
60 38 2227
61 38 2388
62 38 2500
63 38 2509
64 38 2605
65 38 2758
66 38 2825
67 38 2968
68 38 3017
69 38 3133
70 38 3233
71 38 3358
72 38 3461
73 38 3534
74 38 3625
75 38 3729
76 38 3812
77 38 3935
78 38 4084
79 38 4151
80 38 4271
81 38 4362
82 38 4455
83 38 4578
84 38 4650
85 38 4765
86 38 4834
87 38 4989
88 38 5036
89 38 5184
90 38 5220
91 38 5314
92 38 5483
93 38 5504
94 38 5618
95 38 5713
96 38 5830
97 38 5936
98 38 6088
99 38 6126
39 40 161
41 39 275
42 39 335
43 39 418
44 39 530
45 39 641
46 39 800
47 39 878
48 39 914
49 39 1072
50 39 1122
51 39 1231
52 39 1357
53 39 1422
54 39 1523
55 39 1690
56 39 1725
57 39 1819
58 39 1952
59 39 2043
60 39 2165
61 39 2299
62 39 2324
63 39 2485
64 39 2575
65 39 2693
66 39 2746
67 39 2891
68 39 2987
69 39 3010
70 39 3141
71 39 3253
72 39 3353
73 39 3444
74 39 3569
75 39 3673
76 39 3779
77 39 3875
78 39 3969
79 39 4091
80 39 4105
81 39 4258
82 39 4395
83 39 4463
84 39 4515
85 39 4634
86 39 4703
87 39 4807
88 39 4980
89 39 5087
90 39 5171
91 39 5239
92 39 5376
93 39 5446
94 39 5593
95 39 5672
96 39 5710
97 39 5889
98 39 5992
99 39 6012
40 41 194
42 40 202
43 40 351
44 40 429
45 40 567
46 40 689
47 40 715
48 40 875
49 40 980
50 40 1053
51 40 1192
52 40 1220
53 40 1392
54 40 1418
55 40 1506
56 40 1612
57 40 1747
58 40 1876
59 40 1909
60 40 2052
61 40 2120
62 40 2234
63 40 2345
64 40 2432
65 40 2592
66 40 2655
67 40 2709
68 40 2846
69 40 2944
70 40 3021
71 40 3179
72 40 3255
73 40 3322
74 40 3472
75 40 3501
76 40 3658
77 40 3711
78 40 3888
79 40 3965
80 40 4054
81 40 4137
82 40 4201
83 40 4370
84 40 4414
85 40 4507
86 40 4682
87 40 4707
88 40 4878
89 40 4954
90 40 5048
91 40 5188
92 40 5289
93 40 5365
94 40 5437
95 40 5553
96 40 5635
97 40 5715
98 40 5824
99 40 5990
41 42 146
43 41 243
44 41 384
45 41 461
46 41 593
47 41 679
48 41 730
49 41 816
50 41 908
51 41 1025
52 41 1149
53 41 1282
54 41 1349
55 41 1428
56 41 1514
57 41 1649
58 41 1796
59 41 1846
60 41 1928
61 41 2048
62 41 2178
63 41 2299
64 41 2395
65 41 2443
66 41 2535
67 41 2691
68 41 2729
69 41 2889
70 41 2953
71 41 3090
72 41 3136
73 41 3235
74 41 3333
75 41 3500
76 41 3528
77 41 3687
78 41 3795
79 41 3880
80 41 3969
81 41 4083
82 41 4177
83 41 4235
84 41 4332
85 41 4432
86 41 4508
87 41 4659
88 41 4764
89 41 4854
90 41 4984
91 41 5004
92 41 5158
93 41 5264
94 41 5340
95 41 5476
96 41 5555
97 41 5607
98 41 5705
99 41 5847
42 43 131
44 42 231
45 42 386
46 42 480
47 42 506
48 42 622
49 42 796
50 42 809
51 42 969
52 42 1037
53 42 1140
54 42 1243
55 42 1380
56 42 1417
57 42 1534
58 42 1609
59 42 1795
60 42 1887
61 42 1918
62 42 2099
63 42 2126
64 42 2258
65 42 2334
66 42 2458
67 42 2575
68 42 2689
69 42 2738
70 42 2833
71 42 2961
72 42 3059
73 42 3180
74 42 3237
75 42 3363
76 42 3463
77 42 3551
78 42 3615
79 42 3773
80 42 3842
81 42 3949
82 42 4023
83 42 4123
84 42 4209
85 42 4346
86 42 4425
87 42 4577
88 42 4658
89 42 4715
90 42 4821
91 42 4919
92 42 5066
93 42 5138
94 42 5247
95 42 5317
96 42 5437
97 42 5549
98 42 5656
99 42 5737
43 44 128
45 43 275
46 43 315
47 43 447
48 43 566
49 43 677
50 43 787
51 43 879
52 43 904
53 43 1011
54 43 1153
55 43 1247
56 43 1348
57 43 1455
58 43 1563
59 43 1647
60 43 1769
61 43 1857
62 43 1995
63 43 2011
64 43 2134
65 43 2265
66 43 2319
67 43 2493
68 43 2503
69 43 2688
70 43 2719
71 43 2860
72 43 2931
73 43 3065
74 43 3113
75 43 3235
76 43 3378
77 43 3488
78 43 3543
79 43 3688
80 43 3797
81 43 3842
82 43 3938
83 43 4062
84 43 4185
85 43 4240
86 43 4323
87 43 4476
88 43 4524
89 43 4694
90 43 4775
91 43 4879
92 43 4912
93 43 5007
94 43 5103
95 43 5281
96 43 5391
97 43 5498
98 43 5553
99 43 5661
44 45 136
46 44 208
47 44 359
48 44 445
49 44 576
50 44 656
51 44 742
52 44 807
53 44 926
54 44 1070
55 44 1124
56 44 1269
57 44 1352
58 44 1496
59 44 1537
60 44 1641
61 44 1799
62 44 1834
63 44 1943
64 44 2008
65 44 2179
66 44 2289
67 44 2394
68 44 2474
69 44 2509
70 44 2645
71 44 2782
72 44 2827
73 44 2974
74 44 3071
75 44 3116
76 44 3247
77 44 3341
78 44 3479
79 44 3572
80 44 3692
81 44 3753
82 44 3845
83 44 3978
84 44 4075
85 44 4117
86 44 4231
87 44 4347
88 44 4427
89 44 4570
90 44 4666
91 44 4708
92 44 4875
93 44 4919
94 44 5070
95 44 5157
96 44 5222
97 44 5326
98 44 5424
99 44 5534
45 46 194
47 45 246
48 45 383
49 45 463
50 45 506
51 45 622
52 45 770
53 45 878
54 45 920
55 45 1020
56 45 1190
57 45 1291
58 45 1331
59 45 1454
60 45 1592
61 45 1633
62 45 1719
63 45 1805
64 45 1929
65 45 2076
66 45 2128
67 45 2267
68 45 2387
69 45 2482
70 45 2551
71 45 2635
72 45 2755
73 45 2812
74 45 2917
75 45 3031
76 45 3194
77 45 3215
78 45 3373
79 45 3413
80 45 3578
81 45 3700
82 45 3774
83 45 3828
84 45 3950
85 45 4059
86 45 4147
87 45 4267
88 45 4380
89 45 4457
90 45 4598
91 45 4640
92 45 4712
93 45 4822
94 45 4957
95 45 5074
96 45 5188
97 45 5231
98 45 5332
99 45 5494
46 47 111
48 46 280
49 46 337
50 46 440
51 46 583
52 46 681
53 46 738
54 46 811
55 46 940
56 46 1046
57 46 1159
58 46 1248
59 46 1346
60 46 1410
61 46 1543
62 46 1660
63 46 1709
64 46 1889
65 46 1983
66 46 2074
67 46 2194
68 46 2273
69 46 2387
70 46 2492
71 46 2545
72 46 2614
73 46 2721
74 46 2839
75 46 3000
76 46 3042
77 46 3101
78 46 3284
79 46 3384
80 46 3404
81 46 3531
82 46 3637
83 46 3786
84 46 3828
85 46 3971
86 46 4068
87 46 4144
88 46 4254
89 46 4383
90 46 4475
91 46 4571
92 46 4610
93 46 4748
94 46 4876
95 46 4970
96 46 5035
97 46 5183
98 46 5254
99 46 5376
47 48 180
49 47 247
50 47 321
51 47 465
52 47 524
53 47 668
54 47 775
55 47 829
56 47 904
57 47 1068
58 47 1179
59 47 1224
60 47 1388
61 47 1431
62 47 1563
63 47 1624
64 47 1765
65 47 1832
66 47 1964
67 47 2071
68 47 2185
69 47 2205
70 47 2302
71 47 2443
72 47 2522
73 47 2690
74 47 2756
75 47 2831
76 47 2971
77 47 3030
78 47 3149
79 47 3270
80 47 3377
81 47 3491
82 47 3585
83 47 3648
84 47 3724
85 47 3839
86 47 3937
87 47 4043
88 47 4120
89 47 4280
90 47 4369
91 47 4459
92 47 4591
93 47 4608
94 47 4753
95 47 4876
96 47 4954
97 47 5037
98 47 5161
99 47 5274
48 49 160
50 48 262
51 48 364
52 48 467
53 48 565
54 48 614
55 48 778
56 48 807
57 48 901
58 48 1062
59 48 1199
60 48 1268
61 48 1399
62 48 1449
63 48 1514
64 48 1662
65 48 1727
66 48 1823
67 48 1950
68 48 2097
69 48 2173
70 48 2268
71 48 2324
72 48 2493
73 48 2554
74 48 2700
75 48 2720
76 48 2864
77 48 2925
78 48 3090
79 48 3126
80 48 3282
81 48 3342
82 48 3418
83 48 3524
84 48 3674
85 48 3745
86 48 3877
87 48 3975
88 48 4007
89 48 4159
90 48 4284
91 48 4392
92 48 4479
93 48 4512
94 48 4640
95 48 4758
96 48 4853
97 48 4960
98 48 5060
99 48 5117
49 50 132
51 49 291
52 49 331
53 49 431
54 49 560
55 49 685
56 49 755
57 49 872
58 49 993
59 49 1072
60 49 1112
61 49 1254
62 49 1304
63 49 1428
64 49 1523
65 49 1667
66 49 1722
67 49 1892
68 49 1913
69 49 2070
70 49 2161
71 49 2243
72 49 2339
73 49 2411
74 49 2584
75 49 2665
76 49 2733
77 49 2871
78 49 2943
79 49 3030
80 49 3198
81 49 3262
82 49 3342
83 49 3419
84 49 3599
85 49 3686
86 49 3731
87 49 3869
88 49 3951
89 49 4054
90 49 4155
91 49 4294
92 49 4377
93 49 4430
94 49 4581
95 49 4683
96 49 4785
97 49 4841
98 49 4999
99 49 5018
50 51 199
52 50 286
53 50 336
54 50 453
55 50 572
56 50 665
57 50 706
58 50 827
59 50 943
60 50 1094
61 50 1166
62 50 1292
63 50 1336
64 50 1419
65 50 1522
66 50 1602
67 50 1747
68 50 1848
69 50 1967
70 50 2091
71 50 2127
72 50 2274
73 50 2318
74 50 2466
75 50 2503
76 50 2658
77 50 2711
78 50 2893
79 50 2902
80 50 3090
81 50 3162
82 50 3264
83 50 3379
84 50 3475
85 50 3513
86 50 3603
87 50 3749
88 50 3862
89 50 3983
90 50 4033
91 50 4149
92 50 4267
93 50 4306
94 50 4496
95 50 4564
96 50 4616
97 50 4723
98 50 4828
99 50 4903
51 52 105
53 51 274
54 51 334
55 51 481
56 51 596
57 51 634
58 51 733
59 51 859
60 51 910
61 51 1088
62 51 1128
63 51 1204
64 51 1367
65 51 1494
66 51 1523
67 51 1677
68 51 1723
69 51 1808
70 51 1906
71 51 2024
72 51 2131
73 51 2249
74 51 2389
75 51 2418
76 51 2520
77 51 2611
78 51 2709
79 51 2857
80 51 2905
81 51 3098
82 51 3134
83 51 3260
84 51 3330
85 51 3493
86 51 3592
87 51 3676
88 51 3748
89 51 3801
90 51 3953
91 51 4063
92 51 4154
93 51 4214
94 51 4337
95 51 4464
96 51 4564
97 51 4689
98 51 4714
99 51 4802
52 53 119
54 52 236
55 52 369
56 52 492
57 52 560
58 52 671
59 52 750
60 52 869
61 52 936
62 52 1039
63 52 1131
64 52 1228
65 52 1333
66 52 1493
67 52 1566
68 52 1608
69 52 1716
70 52 1813
71 52 1937
72 52 2096
73 52 2177
74 52 2263
75 52 2335
76 52 2441
77 52 2594
78 52 2605
79 52 2778
80 52 2884
81 52 2951
82 52 3088
83 52 3108
84 52 3289
85 52 3398
86 52 3447
87 52 3598
88 52 3643
89 52 3714
90 52 3832
91 52 3999
92 52 4096
93 52 4106
94 52 4267
95 52 4352
96 52 4445
97 52 4531
98 52 4623
99 52 4776
53 54 189
55 53 216
56 53 339
57 53 492
58 53 536
59 53 694
60 53 757
61 53 850
62 53 911
63 53 1096
64 53 1124
65 53 1239
66 53 1341
67 53 1494
68 53 1554
69 53 1684
70 53 1779
71 53 1819
72 53 1978
73 53 2088
74 53 2174
75 53 2250
76 53 2347
77 53 2494
78 53 2590
79 53 2699
80 53 2790
81 53 2809
82 53 2912
83 53 3075
84 53 3171
85 53 3265
86 53 3331
87 53 3419
88 53 3587
89 53 3677
90 53 3737
91 53 3836
92 53 3993
93 53 4042
94 53 4152
95 53 4235
96 53 4320
97 53 4471
98 53 4580
99 53 4689
54 55 167
56 54 293
57 54 336
58 54 410
59 54 593
60 54 686
61 54 732
62 54 847
63 54 984
64 54 1083
65 54 1130
66 54 1280
67 54 1325
68 54 1481
69 54 1541
70 54 1670
71 54 1720
72 54 1824
73 54 1978
74 54 2036
75 54 2123
76 54 2279
77 54 2322
78 54 2425
79 54 2546
80 54 2621
81 54 2720
82 54 2848
83 54 2942
84 54 3028
85 54 3138
86 54 3244
87 54 3374
88 54 3417
89 54 3513
90 54 3665
91 54 3718
92 54 3879
93 54 3976
94 54 4012
95 54 4197
96 54 4286
97 54 4367
98 54 4419
99 54 4522
55 56 143
57 55 290
58 55 345
59 55 414
60 55 584
61 55 614
62 55 772
63 55 823
64 55 950
65 55 1071
66 55 1200
67 55 1215
68 55 1400
69 55 1405
70 55 1551
71 55 1611
72 55 1730
73 55 1806
74 55 1974
75 55 2032
76 55 2172
77 55 2248
78 55 2391
79 55 2419
80 55 2584
81 55 2661
82 55 2706
83 55 2882
84 55 2908
85 55 3053
86 55 3146
87 55 3242
88 55 3397
89 55 3408
90 55 3521
91 55 3620
92 55 3779
93 55 3887
94 55 3990
95 55 4092
96 55 4123
97 55 4238
98 55 4303
99 55 4418
56 57 176
58 56 202
59 56 362
60 56 444
61 56 521
62 56 662
63 56 725
64 56 879
65 56 936
66 56 1010
67 56 1147
68 56 1229
69 56 1323
70 56 1453
71 56 1510
72 56 1676
73 56 1706
74 56 1851
75 56 1914
76 56 2046
77 56 2184
78 56 2235
79 56 2364
80 56 2482
81 56 2583
82 56 2650
83 56 2776
84 56 2825
85 56 2994
86 56 3007
87 56 3124
88 56 3260
89 56 3338
90 56 3466
91 56 3536
92 56 3662
93 56 3765
94 56 3869
95 56 3931
96 56 4029
97 56 4112
98 56 4241
99 56 4388
57 58 107
59 57 257
60 57 309
61 57 437
62 57 539
63 57 617
64 57 800
65 57 807
66 57 961
67 57 1069
68 57 1102
69 57 1266
70 57 1369
71 57 1406
72 57 1559
73 57 1675
74 57 1725
75 57 1859
76 57 1959
77 57 2004
78 57 2178
79 57 2249
80 57 2361
81 57 2410
82 57 2595
83 57 2635
84 57 2712
85 57 2860
86 57 2974
87 57 3048
88 57 3140
89 57 3240
90 57 3372
91 57 3488
92 57 3573
93 57 3682
94 57 3759
95 57 3815
96 57 3995
97 57 4050
98 57 4147
99 57 4296
58 59 141
60 58 289
61 58 320
62 58 414
63 58 506
64 58 620
65 58 795
66 58 835
67 58 946
68 58 1080
69 58 1165
70 58 1233
71 58 1362
72 58 1411
73 58 1514
74 58 1638
75 58 1719
76 58 1806
77 58 1984
78 58 2094
79 58 2136
80 58 2231
81 58 2360
82 58 2466
83 58 2586
84 58 2632
85 58 2759
86 58 2813
87 58 2943
88 58 3070
89 58 3193
90 58 3282
91 58 3396
92 58 3463
93 58 3517
94 58 3670
95 58 3786
96 58 3802
97 58 3930
98 58 4018
99 58 4148
59 60 144
61 59 292
62 59 363
63 59 443
64 59 543
65 59 697
66 59 789
67 59 871
68 59 946
69 59 1056
70 59 1122
71 59 1258
72 59 1310
73 59 1422
74 59 1583
75 59 1678
76 59 1792
77 59 1897
78 59 1908
79 59 2079
80 59 2182
81 59 2262
82 59 2373
83 59 2446
84 59 2515
85 59 2662
86 59 2728
87 59 2859
88 59 2920
89 59 3066
90 59 3182
91 59 3209
92 59 3328
93 59 3457
94 59 3510
95 59 3664
96 59 3728
97 59 3823
98 59 3975
99 59 4021
60 61 146
62 60 272
63 60 306
64 60 477
65 60 577
66 60 652
67 60 702
68 60 823
69 60 934
70 60 1089
71 60 1135
72 60 1207
73 60 1320
74 60 1437
75 60 1568
76 60 1688
77 60 1768
78 60 1866
79 60 2000
80 60 2061
81 60 2139
82 60 2292
83 60 2344
84 60 2433
85 60 2576
86 60 2679
87 60 2748
88 60 2859
89 60 2948
90 60 3086
91 60 3124
92 60 3220
93 60 3361
94 60 3408
95 60 3507
96 60 3632
97 60 3785
98 60 3827
99 60 3930
61 62 182
63 61 300
64 61 392
65 61 463
66 61 568
67 61 689
68 61 794
69 61 850
70 61 942
71 61 1021
72 61 1155
73 61 1226
74 61 1399
75 61 1403
76 61 1524
77 61 1636
78 61 1715
79 61 1844
80 61 1985
81 61 2049
82 61 2111
83 61 2275
84 61 2337
85 61 2478
86 61 2580
87 61 2672
88 61 2798
89 61 2867
90 61 2951
91 61 3052
92 61 3169
93 61 3299
94 61 3398
95 61 3412
96 61 3591
97 61 3689
98 61 3797
99 61 3835
62 63 155
64 62 243
65 62 384
66 62 411
67 62 587
68 62 682
69 62 727
70 62 817
71 62 967
72 62 1028
73 62 1181
74 62 1288
75 62 1370
76 62 1407
77 62 1567
78 62 1684
79 62 1719
80 62 1855
81 62 1992
82 62 2087
83 62 2174
84 62 2298
85 62 2337
86 62 2480
87 62 2558
88 62 2642
89 62 2717
90 62 2891
91 62 2912
92 62 3018
93 62 3199
94 62 3207
95 62 3340
96 62 3404
97 62 3511
98 62 3641
99 62 3718
63 64 160
65 63 251
66 63 361
67 63 449
68 63 593
69 63 673
70 63 745
71 63 814
72 63 909
73 63 1007
74 63 1152
75 63 1250
76 63 1376
77 63 1494
78 63 1571
79 63 1635
80 63 1723
81 63 1817
82 63 1907
83 63 2024
84 63 2186
85 63 2210
86 63 2322
87 63 2407
88 63 2516
89 63 2630
90 63 2733
91 63 2832
92 63 2929
93 63 3093
94 63 3188
95 63 3211
96 63 3382
97 63 3434
98 63 3533
99 63 3615
64 65 188
66 64 275
67 64 383
68 64 402
69 64 551
70 64 663
71 64 713
72 64 811
73 64 978
74 64 1046
75 64 1120
76 64 1262
77 64 1335
78 64 1481
79 64 1515
80 64 1672
81 64 1797
82 64 1803
83 64 1937
84 64 2091
85 64 2120
86 64 2207
87 64 2304
88 64 2404
89 64 2523
90 64 2699
91 64 2784
92 64 2856
93 64 2950
94 64 3066
95 64 3144
96 64 3273
97 64 3330
98 64 3410
99 64 3532
65 66 180
67 65 204
68 65 361
69 65 484
70 65 592
71 65 656
72 65 777
73 65 838
74 65 904
75 65 1016
76 65 1123
77 65 1204
78 65 1343
79 65 1490
80 65 1581
81 65 1681
82 65 1703
83 65 1832
84 65 1905
85 65 2079
86 65 2126
87 65 2230
88 65 2373
89 65 2479
90 65 2555
91 65 2610
92 65 2702
93 65 2802
94 65 2942
95 65 3036
96 65 3190
97 65 3250
98 65 3341
99 65 3462
66 67 151
68 66 274
69 66 305
70 66 463
71 66 520
72 66 620
73 66 800
74 66 861
75 66 979
76 66 1035
77 66 1117
78 66 1273
79 66 1344
80 66 1450
81 66 1512
82 66 1621
83 66 1740
84 66 1892
85 66 1908
86 66 2078
87 66 2138
88 66 2207
89 66 2332
90 66 2407
91 66 2551
92 66 2652
93 66 2789
94 66 2891
95 66 2975
96 66 3070
97 66 3129
98 66 3253
99 66 3350
67 68 110
69 67 213
70 67 387
71 67 423
72 67 537
73 67 638
74 67 771
75 67 893
76 67 985
77 67 1065
78 67 1191
79 67 1236
80 67 1393
81 67 1489
82 67 1597
83 67 1685
84 67 1739
85 67 1824
86 67 1917
87 67 2024
88 67 2104
89 67 2240
90 67 2397
91 67 2459
92 67 2506
93 67 2678
94 67 2738
95 67 2853
96 67 2906
97 67 3059
98 67 3157
99 67 3279
68 69 187
70 68 278
71 68 340
72 68 433
73 68 520
74 68 632
75 68 767
76 68 859
77 68 932
78 68 1036
79 68 1126
80 68 1258
81 68 1397
82 68 1451
83 68 1568
84 68 1659
85 68 1758
86 68 1838
87 68 1958
88 68 2051
89 68 2105
90 68 2216
91 68 2350
92 68 2484
93 68 2573
94 68 2626
95 68 2783
96 68 2814
97 68 2987
98 68 3061
99 68 3158
69 70 156
71 69 292
72 69 354
73 69 476
74 69 521
75 69 661
76 69 781
77 69 899
78 69 903
79 69 1001
80 69 1181
81 69 1231
82 69 1318
83 69 1443
84 69 1570
85 69 1699
86 69 1749
87 69 1886
88 69 1943
89 69 2039
90 69 2168
91 69 2250
92 69 2316
93 69 2489
94 69 2540
95 69 2607
96 69 2787
97 69 2813
98 69 2988
99 69 3015
70 71 103
72 70 236
73 70 306
74 70 435
75 70 582
76 70 610
77 70 721
78 70 810
79 70 913
80 70 1100
81 70 1120
82 70 1242
83 70 1328
84 70 1476
85 70 1513
86 70 1666
87 70 1777
88 70 1859
89 70 1936
90 70 2012
91 70 2176
92 70 2214
93 70 2327
94 70 2470
95 70 2568
96 70 2605
97 70 2709
98 70 2873
99 70 2901
71 72 165
73 71 221
74 71 334
75 71 415
76 71 551
77 71 677
78 71 740
79 71 880
80 71 986
81 71 1080
82 71 1186
83 71 1260
84 71 1373
85 71 1497
86 71 1556
87 71 1696
88 71 1786
89 71 1829
90 71 1985
91 71 2086
92 71 2106
93 71 2264
94 71 2361
95 71 2477
96 71 2540
97 71 2682
98 71 2787
99 71 2887
72 73 119
74 72 296
75 72 358
76 72 427
77 72 530
78 72 645
79 72 778
80 72 873
81 72 981
82 72 1038
83 72 1165
84 72 1207
85 72 1310
86 72 1460
87 72 1536
88 72 1611
89 72 1704
90 72 1878
91 72 1984
92 72 2089
93 72 2158
94 72 2265
95 72 2303
96 72 2422
97 72 2589
98 72 2641
99 72 2715
73 74 105
75 73 286
76 73 302
77 73 500
78 73 567
79 73 635
80 73 708
81 73 819
82 73 992
83 73 1070
84 73 1141
85 73 1279
86 73 1353
87 73 1417
88 73 1540
89 73 1691
90 73 1775
91 73 1894
92 73 1972
93 73 2023
94 73 2199
95 73 2244
96 73 2393
97 73 2443
98 73 2546
99 73 2630
74 75 110
76 74 298
77 74 366
78 74 499
79 74 523
80 74 639
81 74 728
82 74 879
83 74 919
84 74 1086
85 74 1182
86 74 1235
87 74 1315
88 74 1401
89 74 1521
90 74 1663
91 74 1795
92 74 1884
93 74 1998
94 74 2087
95 74 2153
96 74 2214
97 74 2385
98 74 2421
99 74 2541
75 76 187
77 75 290
78 75 324
79 75 444
80 75 510
81 75 647
82 75 715
83 75 815
84 75 976
85 75 1074
86 75 1113
87 75 1222
88 75 1309
89 75 1486
90 75 1532
91 75 1637
92 75 1708
93 75 1896
94 75 1945
95 75 2094
96 75 2169
97 75 2271
98 75 2343
99 75 2438
76 77 157
78 76 276
79 76 318
80 76 470
81 76 570
82 76 692
83 76 760
84 76 884
85 76 952
86 76 1017
87 76 1164
88 76 1225
89 76 1369
90 76 1466
91 76 1526
92 76 1679
93 76 1747
94 76 1811
95 76 1982
96 76 2097
97 76 2120
98 76 2277
99 76 2385
77 78 118
79 77 203
80 77 397
81 77 500
82 77 584
83 77 649
84 77 798
85 77 847
86 77 905
87 77 1023
88 77 1198
89 77 1287
90 77 1367
91 77 1432
92 77 1576
93 77 1638
94 77 1767
95 77 1836
96 77 1983
97 77 2054
98 77 2198
99 77 2274
78 79 106
80 78 294
81 78 388
82 78 425
83 78 561
84 78 613
85 78 778
86 78 860
87 78 978
88 78 1078
89 78 1172
90 78 1210
91 78 1335
92 78 1412
93 78 1541
94 78 1647
95 78 1760
96 78 1804
97 78 1914
98 78 2093
99 78 2172
79 80 126
81 79 248
82 79 327
83 79 437
84 79 506
85 79 696
86 79 785
87 79 805
88 79 929
89 79 1046
90 79 1120
91 79 1287
92 79 1388
93 79 1403
94 79 1519
95 79 1689
96 79 1760
97 79 1864
98 79 1917
99 79 2059
80 81 113
82 80 208
83 80 338
84 80 447
85 80 502
86 80 632
87 80 717
88 80 802
89 80 967
90 80 1010
91 80 1184
92 80 1230
93 80 1394
94 80 1460
95 80 1517
96 80 1615
97 80 1785
98 80 1806
99 80 1901
81 82 101
83 81 292
84 81 309
85 81 476
86 81 566
87 81 682
88 81 707
89 81 847
90 81 989
91 81 1068
92 81 1126
93 81 1267
94 81 1397
95 81 1429
96 81 1558
97 81 1640
98 81 1745
99 81 1886
82 83 197
84 82 233
85 82 309
86 82 418
87 82 506
88 82 635
89 82 740
90 82 844
91 82 976
92 82 1031
93 82 1124
94 82 1236
95 82 1389
96 82 1464
97 82 1580
98 82 1652
99 82 1729
83 84 121
85 83 247
86 83 319
87 83 410
88 83 527
89 83 606
90 83 702
91 83 864
92 83 930
93 83 1062
94 83 1182
95 83 1225
96 83 1302
97 83 1469
98 83 1576
99 83 1678
84 85 197
86 84 210
87 84 366
88 84 428
89 84 553
90 84 623
91 84 716
92 84 888
93 84 947
94 84 1026
95 84 1162
96 84 1240
97 84 1353
98 84 1425
99 84 1561
85 86 169
87 85 296
88 85 374
89 85 489
90 85 549
91 85 664
92 85 764
93 85 895
94 85 937
95 85 1081
96 85 1117
97 85 1284
98 85 1310
99 85 1418
86 87 155
88 86 220
89 86 306
90 86 463
91 86 585
92 86 696
93 86 715
94 86 859
95 86 912
96 86 1074
97 86 1124
98 86 1252
99 86 1316
87 88 182
89 87 269
90 87 325
91 87 429
92 87 563
93 87 675
94 87 780
95 87 881
96 87 942
97 87 1083
98 87 1136
99 87 1227
88 89 130
90 88 289
91 88 339
92 88 499
93 88 581
94 88 682
95 88 782
96 88 821
97 88 942
98 88 1099
99 88 1145
89 90 167
91 89 283
92 89 383
93 89 449
94 89 539
95 89 631
96 89 781
97 89 837
98 89 956
99 89 1063
90 91 168
92 90 281
93 90 314
94 90 486
95 90 592
96 90 669
97 90 758
98 90 814
99 90 999
91 92 144
93 91 268
94 91 343
95 91 456
96 91 550
97 91 698
98 91 788
99 91 833
92 93 115
94 92 258
95 92 330
96 92 465
97 92 580
98 92 612
99 92 704
93 94 140
95 93 227
96 93 348
97 93 471
98 93 583
99 93 699
94 95 198
96 94 262
97 94 334
98 94 414
99 94 565
95 96 136
97 95 216
98 95 383
99 95 431
96 97 134
98 96 208
99 96 328
97 98 167
99 97 294
98 99 114
