2000 3994 1 2000
1 3 3997
3 2 1
1 4 3995
4 3 1
1 5 3993
5 4 1
1 6 3991
6 5 1
1 7 3989
7 6 1
1 8 3987
8 7 1
1 9 3985
9 8 1
1 10 3983
10 9 1
1 11 3981
11 10 1
1 12 3979
12 11 1
1 13 3977
13 12 1
1 14 3975
14 13 1
1 15 3973
15 14 1
1 16 3971
16 15 1
1 17 3969
17 16 1
1 18 3967
18 17 1
1 19 3965
19 18 1
1 20 3963
20 19 1
1 21 3961
21 20 1
1 22 3959
22 21 1
1 23 3957
23 22 1
1 24 3955
24 23 1
1 25 3953
25 24 1
1 26 3951
26 25 1
1 27 3949
27 26 1
1 28 3947
28 27 1
1 29 3945
29 28 1
1 30 3943
30 29 1
1 31 3941
31 30 1
1 32 3939
32 31 1
1 33 3937
33 32 1
1 34 3935
34 33 1
1 35 3933
35 34 1
1 36 3931
36 35 1
1 37 3929
37 36 1
1 38 3927
38 37 1
1 39 3925
39 38 1
1 40 3923
40 39 1
1 41 3921
41 40 1
1 42 3919
42 41 1
1 43 3917
43 42 1
1 44 3915
44 43 1
1 45 3913
45 44 1
1 46 3911
46 45 1
1 47 3909
47 46 1
1 48 3907
48 47 1
1 49 3905
49 48 1
1 50 3903
50 49 1
1 51 3901
51 50 1
1 52 3899
52 51 1
1 53 3897
53 52 1
1 54 3895
54 53 1
1 55 3893
55 54 1
1 56 3891
56 55 1
1 57 3889
57 56 1
1 58 3887
58 57 1
1 59 3885
59 58 1
1 60 3883
60 59 1
1 61 3881
61 60 1
1 62 3879
62 61 1
1 63 3877
63 62 1
1 64 3875
64 63 1
1 65 3873
65 64 1
1 66 3871
66 65 1
1 67 3869
67 66 1
1 68 3867
68 67 1
1 69 3865
69 68 1
1 70 3863
70 69 1
1 71 3861
71 70 1
1 72 3859
72 71 1
1 73 3857
73 72 1
1 74 3855
74 73 1
1 75 3853
75 74 1
1 76 3851
76 75 1
1 77 3849
77 76 1
1 78 3847
78 77 1
1 79 3845
79 78 1
1 80 3843
80 79 1
1 81 3841
81 80 1
1 82 3839
82 81 1
1 83 3837
83 82 1
1 84 3835
84 83 1
1 85 3833
85 84 1
1 86 3831
86 85 1
1 87 3829
87 86 1
1 88 3827
88 87 1
1 89 3825
89 88 1
1 90 3823
90 89 1
1 91 3821
91 90 1
1 92 3819
92 91 1
1 93 3817
93 92 1
1 94 3815
94 93 1
1 95 3813
95 94 1
1 96 3811
96 95 1
1 97 3809
97 96 1
1 98 3807
98 97 1
1 99 3805
99 98 1
1 100 3803
100 99 1
1 101 3801
101 100 1
1 102 3799
102 101 1
1 103 3797
103 102 1
1 104 3795
104 103 1
1 105 3793
105 104 1
1 106 3791
106 105 1
1 107 3789
107 106 1
1 108 3787
108 107 1
1 109 3785
109 108 1
1 110 3783
110 109 1
1 111 3781
111 110 1
1 112 3779
112 111 1
1 113 3777
113 112 1
1 114 3775
114 113 1
1 115 3773
115 114 1
1 116 3771
116 115 1
1 117 3769
117 116 1
1 118 3767
118 117 1
1 119 3765
119 118 1
1 120 3763
120 119 1
1 121 3761
121 120 1
1 122 3759
122 121 1
1 123 3757
123 122 1
1 124 3755
124 123 1
1 125 3753
125 124 1
1 126 3751
126 125 1
1 127 3749
127 126 1
1 128 3747
128 127 1
1 129 3745
129 128 1
1 130 3743
130 129 1
1 131 3741
131 130 1
1 132 3739
132 131 1
1 133 3737
133 132 1
1 134 3735
134 133 1
1 135 3733
135 134 1
1 136 3731
136 135 1
1 137 3729
137 136 1
1 138 3727
138 137 1
1 139 3725
139 138 1
1 140 3723
140 139 1
1 141 3721
141 140 1
1 142 3719
142 141 1
1 143 3717
143 142 1
1 144 3715
144 143 1
1 145 3713
145 144 1
1 146 3711
146 145 1
1 147 3709
147 146 1
1 148 3707
148 147 1
1 149 3705
149 148 1
1 150 3703
150 149 1
1 151 3701
151 150 1
1 152 3699
152 151 1
1 153 3697
153 152 1
1 154 3695
154 153 1
1 155 3693
155 154 1
1 156 3691
156 155 1
1 157 3689
157 156 1
1 158 3687
158 157 1
1 159 3685
159 158 1
1 160 3683
160 159 1
1 161 3681
161 160 1
1 162 3679
162 161 1
1 163 3677
163 162 1
1 164 3675
164 163 1
1 165 3673
165 164 1
1 166 3671
166 165 1
1 167 3669
167 166 1
1 168 3667
168 167 1
1 169 3665
169 168 1
1 170 3663
170 169 1
1 171 3661
171 170 1
1 172 3659
172 171 1
1 173 3657
173 172 1
1 174 3655
174 173 1
1 175 3653
175 174 1
1 176 3651
176 175 1
1 177 3649
177 176 1
1 178 3647
178 177 1
1 179 3645
179 178 1
1 180 3643
180 179 1
1 181 3641
181 180 1
1 182 3639
182 181 1
1 183 3637
183 182 1
1 184 3635
184 183 1
1 185 3633
185 184 1
1 186 3631
186 185 1
1 187 3629
187 186 1
1 188 3627
188 187 1
1 189 3625
189 188 1
1 190 3623
190 189 1
1 191 3621
191 190 1
1 192 3619
192 191 1
1 193 3617
193 192 1
1 194 3615
194 193 1
1 195 3613
195 194 1
1 196 3611
196 195 1
1 197 3609
197 196 1
1 198 3607
198 197 1
1 199 3605
199 198 1
1 200 3603
200 199 1
1 201 3601
201 200 1
1 202 3599
202 201 1
1 203 3597
203 202 1
1 204 3595
204 203 1
1 205 3593
205 204 1
1 206 3591
206 205 1
1 207 3589
207 206 1
1 208 3587
208 207 1
1 209 3585
209 208 1
1 210 3583
210 209 1
1 211 3581
211 210 1
1 212 3579
212 211 1
1 213 3577
213 212 1
1 214 3575
214 213 1
1 215 3573
215 214 1
1 216 3571
216 215 1
1 217 3569
217 216 1
1 218 3567
218 217 1
1 219 3565
219 218 1
1 220 3563
220 219 1
1 221 3561
221 220 1
1 222 3559
222 221 1
1 223 3557
223 222 1
1 224 3555
224 223 1
1 225 3553
225 224 1
1 226 3551
226 225 1
1 227 3549
227 226 1
1 228 3547
228 227 1
1 229 3545
229 228 1
1 230 3543
230 229 1
1 231 3541
231 230 1
1 232 3539
232 231 1
1 233 3537
233 232 1
1 234 3535
234 233 1
1 235 3533
235 234 1
1 236 3531
236 235 1
1 237 3529
237 236 1
1 238 3527
238 237 1
1 239 3525
239 238 1
1 240 3523
240 239 1
1 241 3521
241 240 1
1 242 3519
242 241 1
1 243 3517
243 242 1
1 244 3515
244 243 1
1 245 3513
245 244 1
1 246 3511
246 245 1
1 247 3509
247 246 1
1 248 3507
248 247 1
1 249 3505
249 248 1
1 250 3503
250 249 1
1 251 3501
251 250 1
1 252 3499
252 251 1
1 253 3497
253 252 1
1 254 3495
254 253 1
1 255 3493
255 254 1
1 256 3491
256 255 1
1 257 3489
257 256 1
1 258 3487
258 257 1
1 259 3485
259 258 1
1 260 3483
260 259 1
1 261 3481
261 260 1
1 262 3479
262 261 1
1 263 3477
263 262 1
1 264 3475
264 263 1
1 265 3473
265 264 1
1 266 3471
266 265 1
1 267 3469
267 266 1
1 268 3467
268 267 1
1 269 3465
269 268 1
1 270 3463
270 269 1
1 271 3461
271 270 1
1 272 3459
272 271 1
1 273 3457
273 272 1
1 274 3455
274 273 1
1 275 3453
275 274 1
1 276 3451
276 275 1
1 277 3449
277 276 1
1 278 3447
278 277 1
1 279 3445
279 278 1
1 280 3443
280 279 1
1 281 3441
281 280 1
1 282 3439
282 281 1
1 283 3437
283 282 1
1 284 3435
284 283 1
1 285 3433
285 284 1
1 286 3431
286 285 1
1 287 3429
287 286 1
1 288 3427
288 287 1
1 289 3425
289 288 1
1 290 3423
290 289 1
1 291 3421
291 290 1
1 292 3419
292 291 1
1 293 3417
293 292 1
1 294 3415
294 293 1
1 295 3413
295 294 1
1 296 3411
296 295 1
1 297 3409
297 296 1
1 298 3407
298 297 1
1 299 3405
299 298 1
1 300 3403
300 299 1
1 301 3401
301 300 1
1 302 3399
302 301 1
1 303 3397
303 302 1
1 304 3395
304 303 1
1 305 3393
305 304 1
1 306 3391
306 305 1
1 307 3389
307 306 1
1 308 3387
308 307 1
1 309 3385
309 308 1
1 310 3383
310 309 1
1 311 3381
311 310 1
1 312 3379
312 311 1
1 313 3377
313 312 1
1 314 3375
314 313 1
1 315 3373
315 314 1
1 316 3371
316 315 1
1 317 3369
317 316 1
1 318 3367
318 317 1
1 319 3365
319 318 1
1 320 3363
320 319 1
1 321 3361
321 320 1
1 322 3359
322 321 1
1 323 3357
323 322 1
1 324 3355
324 323 1
1 325 3353
325 324 1
1 326 3351
326 325 1
1 327 3349
327 326 1
1 328 3347
328 327 1
1 329 3345
329 328 1
1 330 3343
330 329 1
1 331 3341
331 330 1
1 332 3339
332 331 1
1 333 3337
333 332 1
1 334 3335
334 333 1
1 335 3333
335 334 1
1 336 3331
336 335 1
1 337 3329
337 336 1
1 338 3327
338 337 1
1 339 3325
339 338 1
1 340 3323
340 339 1
1 341 3321
341 340 1
1 342 3319
342 341 1
1 343 3317
343 342 1
1 344 3315
344 343 1
1 345 3313
345 344 1
1 346 3311
346 345 1
1 347 3309
347 346 1
1 348 3307
348 347 1
1 349 3305
349 348 1
1 350 3303
350 349 1
1 351 3301
351 350 1
1 352 3299
352 351 1
1 353 3297
353 352 1
1 354 3295
354 353 1
1 355 3293
355 354 1
1 356 3291
356 355 1
1 357 3289
357 356 1
1 358 3287
358 357 1
1 359 3285
359 358 1
1 360 3283
360 359 1
1 361 3281
361 360 1
1 362 3279
362 361 1
1 363 3277
363 362 1
1 364 3275
364 363 1
1 365 3273
365 364 1
1 366 3271
366 365 1
1 367 3269
367 366 1
1 368 3267
368 367 1
1 369 3265
369 368 1
1 370 3263
370 369 1
1 371 3261
371 370 1
1 372 3259
372 371 1
1 373 3257
373 372 1
1 374 3255
374 373 1
1 375 3253
375 374 1
1 376 3251
376 375 1
1 377 3249
377 376 1
1 378 3247
378 377 1
1 379 3245
379 378 1
1 380 3243
380 379 1
1 381 3241
381 380 1
1 382 3239
382 381 1
1 383 3237
383 382 1
1 384 3235
384 383 1
1 385 3233
385 384 1
1 386 3231
386 385 1
1 387 3229
387 386 1
1 388 3227
388 387 1
1 389 3225
389 388 1
1 390 3223
390 389 1
1 391 3221
391 390 1
1 392 3219
392 391 1
1 393 3217
393 392 1
1 394 3215
394 393 1
1 395 3213
395 394 1
1 396 3211
396 395 1
1 397 3209
397 396 1
1 398 3207
398 397 1
1 399 3205
399 398 1
1 400 3203
400 399 1
1 401 3201
401 400 1
1 402 3199
402 401 1
1 403 3197
403 402 1
1 404 3195
404 403 1
1 405 3193
405 404 1
1 406 3191
406 405 1
1 407 3189
407 406 1
1 408 3187
408 407 1
1 409 3185
409 408 1
1 410 3183
410 409 1
1 411 3181
411 410 1
1 412 3179
412 411 1
1 413 3177
413 412 1
1 414 3175
414 413 1
1 415 3173
415 414 1
1 416 3171
416 415 1
1 417 3169
417 416 1
1 418 3167
418 417 1
1 419 3165
419 418 1
1 420 3163
420 419 1
1 421 3161
421 420 1
1 422 3159
422 421 1
1 423 3157
423 422 1
1 424 3155
424 423 1
1 425 3153
425 424 1
1 426 3151
426 425 1
1 427 3149
427 426 1
1 428 3147
428 427 1
1 429 3145
429 428 1
1 430 3143
430 429 1
1 431 3141
431 430 1
1 432 3139
432 431 1
1 433 3137
433 432 1
1 434 3135
434 433 1
1 435 3133
435 434 1
1 436 3131
436 435 1
1 437 3129
437 436 1
1 438 3127
438 437 1
1 439 3125
439 438 1
1 440 3123
440 439 1
1 441 3121
441 440 1
1 442 3119
442 441 1
1 443 3117
443 442 1
1 444 3115
444 443 1
1 445 3113
445 444 1
1 446 3111
446 445 1
1 447 3109
447 446 1
1 448 3107
448 447 1
1 449 3105
449 448 1
1 450 3103
450 449 1
1 451 3101
451 450 1
1 452 3099
452 451 1
1 453 3097
453 452 1
1 454 3095
454 453 1
1 455 3093
455 454 1
1 456 3091
456 455 1
1 457 3089
457 456 1
1 458 3087
458 457 1
1 459 3085
459 458 1
1 460 3083
460 459 1
1 461 3081
461 460 1
1 462 3079
462 461 1
1 463 3077
463 462 1
1 464 3075
464 463 1
1 465 3073
465 464 1
1 466 3071
466 465 1
1 467 3069
467 466 1
1 468 3067
468 467 1
1 469 3065
469 468 1
1 470 3063
470 469 1
1 471 3061
471 470 1
1 472 3059
472 471 1
1 473 3057
473 472 1
1 474 3055
474 473 1
1 475 3053
475 474 1
1 476 3051
476 475 1
1 477 3049
477 476 1
1 478 3047
478 477 1
1 479 3045
479 478 1
1 480 3043
480 479 1
1 481 3041
481 480 1
1 482 3039
482 481 1
1 483 3037
483 482 1
1 484 3035
484 483 1
1 485 3033
485 484 1
1 486 3031
486 485 1
1 487 3029
487 486 1
1 488 3027
488 487 1
1 489 3025
489 488 1
1 490 3023
490 489 1
1 491 3021
491 490 1
1 492 3019
492 491 1
1 493 3017
493 492 1
1 494 3015
494 493 1
1 495 3013
495 494 1
1 496 3011
496 495 1
1 497 3009
497 496 1
1 498 3007
498 497 1
1 499 3005
499 498 1
1 500 3003
500 499 1
1 501 3001
501 500 1
1 502 2999
502 501 1
1 503 2997
503 502 1
1 504 2995
504 503 1
1 505 2993
505 504 1
1 506 2991
506 505 1
1 507 2989
507 506 1
1 508 2987
508 507 1
1 509 2985
509 508 1
1 510 2983
510 509 1
1 511 2981
511 510 1
1 512 2979
512 511 1
1 513 2977
513 512 1
1 514 2975
514 513 1
1 515 2973
515 514 1
1 516 2971
516 515 1
1 517 2969
517 516 1
1 518 2967
518 517 1
1 519 2965
519 518 1
1 520 2963
520 519 1
1 521 2961
521 520 1
1 522 2959
522 521 1
1 523 2957
523 522 1
1 524 2955
524 523 1
1 525 2953
525 524 1
1 526 2951
526 525 1
1 527 2949
527 526 1
1 528 2947
528 527 1
1 529 2945
529 528 1
1 530 2943
530 529 1
1 531 2941
531 530 1
1 532 2939
532 531 1
1 533 2937
533 532 1
1 534 2935
534 533 1
1 535 2933
535 534 1
1 536 2931
536 535 1
1 537 2929
537 536 1
1 538 2927
538 537 1
1 539 2925
539 538 1
1 540 2923
540 539 1
1 541 2921
541 540 1
1 542 2919
542 541 1
1 543 2917
543 542 1
1 544 2915
544 543 1
1 545 2913
545 544 1
1 546 2911
546 545 1
1 547 2909
547 546 1
1 548 2907
548 547 1
1 549 2905
549 548 1
1 550 2903
550 549 1
1 551 2901
551 550 1
1 552 2899
552 551 1
1 553 2897
553 552 1
1 554 2895
554 553 1
1 555 2893
555 554 1
1 556 2891
556 555 1
1 557 2889
557 556 1
1 558 2887
558 557 1
1 559 2885
559 558 1
1 560 2883
560 559 1
1 561 2881
561 560 1
1 562 2879
562 561 1
1 563 2877
563 562 1
1 564 2875
564 563 1
1 565 2873
565 564 1
1 566 2871
566 565 1
1 567 2869
567 566 1
1 568 2867
568 567 1
1 569 2865
569 568 1
1 570 2863
570 569 1
1 571 2861
571 570 1
1 572 2859
572 571 1
1 573 2857
573 572 1
1 574 2855
574 573 1
1 575 2853
575 574 1
1 576 2851
576 575 1
1 577 2849
577 576 1
1 578 2847
578 577 1
1 579 2845
579 578 1
1 580 2843
580 579 1
1 581 2841
581 580 1
1 582 2839
582 581 1
1 583 2837
583 582 1
1 584 2835
584 583 1
1 585 2833
585 584 1
1 586 2831
586 585 1
1 587 2829
587 586 1
1 588 2827
588 587 1
1 589 2825
589 588 1
1 590 2823
590 589 1
1 591 2821
591 590 1
1 592 2819
592 591 1
1 593 2817
593 592 1
1 594 2815
594 593 1
1 595 2813
595 594 1
1 596 2811
596 595 1
1 597 2809
597 596 1
1 598 2807
598 597 1
1 599 2805
599 598 1
1 600 2803
600 599 1
1 601 2801
601 600 1
1 602 2799
602 601 1
1 603 2797
603 602 1
1 604 2795
604 603 1
1 605 2793
605 604 1
1 606 2791
606 605 1
1 607 2789
607 606 1
1 608 2787
608 607 1
1 609 2785
609 608 1
1 610 2783
610 609 1
1 611 2781
611 610 1
1 612 2779
612 611 1
1 613 2777
613 612 1
1 614 2775
614 613 1
1 615 2773
615 614 1
1 616 2771
616 615 1
1 617 2769
617 616 1
1 618 2767
618 617 1
1 619 2765
619 618 1
1 620 2763
620 619 1
1 621 2761
621 620 1
1 622 2759
622 621 1
1 623 2757
623 622 1
1 624 2755
624 623 1
1 625 2753
625 624 1
1 626 2751
626 625 1
1 627 2749
627 626 1
1 628 2747
628 627 1
1 629 2745
629 628 1
1 630 2743
630 629 1
1 631 2741
631 630 1
1 632 2739
632 631 1
1 633 2737
633 632 1
1 634 2735
634 633 1
1 635 2733
635 634 1
1 636 2731
636 635 1
1 637 2729
637 636 1
1 638 2727
638 637 1
1 639 2725
639 638 1
1 640 2723
640 639 1
1 641 2721
641 640 1
1 642 2719
642 641 1
1 643 2717
643 642 1
1 644 2715
644 643 1
1 645 2713
645 644 1
1 646 2711
646 645 1
1 647 2709
647 646 1
1 648 2707
648 647 1
1 649 2705
649 648 1
1 650 2703
650 649 1
1 651 2701
651 650 1
1 652 2699
652 651 1
1 653 2697
653 652 1
1 654 2695
654 653 1
1 655 2693
655 654 1
1 656 2691
656 655 1
1 657 2689
657 656 1
1 658 2687
658 657 1
1 659 2685
659 658 1
1 660 2683
660 659 1
1 661 2681
661 660 1
1 662 2679
662 661 1
1 663 2677
663 662 1
1 664 2675
664 663 1
1 665 2673
665 664 1
1 666 2671
666 665 1
1 667 2669
667 666 1
1 668 2667
668 667 1
1 669 2665
669 668 1
1 670 2663
670 669 1
1 671 2661
671 670 1
1 672 2659
672 671 1
1 673 2657
673 672 1
1 674 2655
674 673 1
1 675 2653
675 674 1
1 676 2651
676 675 1
1 677 2649
677 676 1
1 678 2647
678 677 1
1 679 2645
679 678 1
1 680 2643
680 679 1
1 681 2641
681 680 1
1 682 2639
682 681 1
1 683 2637
683 682 1
1 684 2635
684 683 1
1 685 2633
685 684 1
1 686 2631
686 685 1
1 687 2629
687 686 1
1 688 2627
688 687 1
1 689 2625
689 688 1
1 690 2623
690 689 1
1 691 2621
691 690 1
1 692 2619
692 691 1
1 693 2617
693 692 1
1 694 2615
694 693 1
1 695 2613
695 694 1
1 696 2611
696 695 1
1 697 2609
697 696 1
1 698 2607
698 697 1
1 699 2605
699 698 1
1 700 2603
700 699 1
1 701 2601
701 700 1
1 702 2599
702 701 1
1 703 2597
703 702 1
1 704 2595
704 703 1
1 705 2593
705 704 1
1 706 2591
706 705 1
1 707 2589
707 706 1
1 708 2587
708 707 1
1 709 2585
709 708 1
1 710 2583
710 709 1
1 711 2581
711 710 1
1 712 2579
712 711 1
1 713 2577
713 712 1
1 714 2575
714 713 1
1 715 2573
715 714 1
1 716 2571
716 715 1
1 717 2569
717 716 1
1 718 2567
718 717 1
1 719 2565
719 718 1
1 720 2563
720 719 1
1 721 2561
721 720 1
1 722 2559
722 721 1
1 723 2557
723 722 1
1 724 2555
724 723 1
1 725 2553
725 724 1
1 726 2551
726 725 1
1 727 2549
727 726 1
1 728 2547
728 727 1
1 729 2545
729 728 1
1 730 2543
730 729 1
1 731 2541
731 730 1
1 732 2539
732 731 1
1 733 2537
733 732 1
1 734 2535
734 733 1
1 735 2533
735 734 1
1 736 2531
736 735 1
1 737 2529
737 736 1
1 738 2527
738 737 1
1 739 2525
739 738 1
1 740 2523
740 739 1
1 741 2521
741 740 1
1 742 2519
742 741 1
1 743 2517
743 742 1
1 744 2515
744 743 1
1 745 2513
745 744 1
1 746 2511
746 745 1
1 747 2509
747 746 1
1 748 2507
748 747 1
1 749 2505
749 748 1
1 750 2503
750 749 1
1 751 2501
751 750 1
1 752 2499
752 751 1
1 753 2497
753 752 1
1 754 2495
754 753 1
1 755 2493
755 754 1
1 756 2491
756 755 1
1 757 2489
757 756 1
1 758 2487
758 757 1
1 759 2485
759 758 1
1 760 2483
760 759 1
1 761 2481
761 760 1
1 762 2479
762 761 1
1 763 2477
763 762 1
1 764 2475
764 763 1
1 765 2473
765 764 1
1 766 2471
766 765 1
1 767 2469
767 766 1
1 768 2467
768 767 1
1 769 2465
769 768 1
1 770 2463
770 769 1
1 771 2461
771 770 1
1 772 2459
772 771 1
1 773 2457
773 772 1
1 774 2455
774 773 1
1 775 2453
775 774 1
1 776 2451
776 775 1
1 777 2449
777 776 1
1 778 2447
778 777 1
1 779 2445
779 778 1
1 780 2443
780 779 1
1 781 2441
781 780 1
1 782 2439
782 781 1
1 783 2437
783 782 1
1 784 2435
784 783 1
1 785 2433
785 784 1
1 786 2431
786 785 1
1 787 2429
787 786 1
1 788 2427
788 787 1
1 789 2425
789 788 1
1 790 2423
790 789 1
1 791 2421
791 790 1
1 792 2419
792 791 1
1 793 2417
793 792 1
1 794 2415
794 793 1
1 795 2413
795 794 1
1 796 2411
796 795 1
1 797 2409
797 796 1
1 798 2407
798 797 1
1 799 2405
799 798 1
1 800 2403
800 799 1
1 801 2401
801 800 1
1 802 2399
802 801 1
1 803 2397
803 802 1
1 804 2395
804 803 1
1 805 2393
805 804 1
1 806 2391
806 805 1
1 807 2389
807 806 1
1 808 2387
808 807 1
1 809 2385
809 808 1
1 810 2383
810 809 1
1 811 2381
811 810 1
1 812 2379
812 811 1
1 813 2377
813 812 1
1 814 2375
814 813 1
1 815 2373
815 814 1
1 816 2371
816 815 1
1 817 2369
817 816 1
1 818 2367
818 817 1
1 819 2365
819 818 1
1 820 2363
820 819 1
1 821 2361
821 820 1
1 822 2359
822 821 1
1 823 2357
823 822 1
1 824 2355
824 823 1
1 825 2353
825 824 1
1 826 2351
826 825 1
1 827 2349
827 826 1
1 828 2347
828 827 1
1 829 2345
829 828 1
1 830 2343
830 829 1
1 831 2341
831 830 1
1 832 2339
832 831 1
1 833 2337
833 832 1
1 834 2335
834 833 1
1 835 2333
835 834 1
1 836 2331
836 835 1
1 837 2329
837 836 1
1 838 2327
838 837 1
1 839 2325
839 838 1
1 840 2323
840 839 1
1 841 2321
841 840 1
1 842 2319
842 841 1
1 843 2317
843 842 1
1 844 2315
844 843 1
1 845 2313
845 844 1
1 846 2311
846 845 1
1 847 2309
847 846 1
1 848 2307
848 847 1
1 849 2305
849 848 1
1 850 2303
850 849 1
1 851 2301
851 850 1
1 852 2299
852 851 1
1 853 2297
853 852 1
1 854 2295
854 853 1
1 855 2293
855 854 1
1 856 2291
856 855 1
1 857 2289
857 856 1
1 858 2287
858 857 1
1 859 2285
859 858 1
1 860 2283
860 859 1
1 861 2281
861 860 1
1 862 2279
862 861 1
1 863 2277
863 862 1
1 864 2275
864 863 1
1 865 2273
865 864 1
1 866 2271
866 865 1
1 867 2269
867 866 1
1 868 2267
868 867 1
1 869 2265
869 868 1
1 870 2263
870 869 1
1 871 2261
871 870 1
1 872 2259
872 871 1
1 873 2257
873 872 1
1 874 2255
874 873 1
1 875 2253
875 874 1
1 876 2251
876 875 1
1 877 2249
877 876 1
1 878 2247
878 877 1
1 879 2245
879 878 1
1 880 2243
880 879 1
1 881 2241
881 880 1
1 882 2239
882 881 1
1 883 2237
883 882 1
1 884 2235
884 883 1
1 885 2233
885 884 1
1 886 2231
886 885 1
1 887 2229
887 886 1
1 888 2227
888 887 1
1 889 2225
889 888 1
1 890 2223
890 889 1
1 891 2221
891 890 1
1 892 2219
892 891 1
1 893 2217
893 892 1
1 894 2215
894 893 1
1 895 2213
895 894 1
1 896 2211
896 895 1
1 897 2209
897 896 1
1 898 2207
898 897 1
1 899 2205
899 898 1
1 900 2203
900 899 1
1 901 2201
901 900 1
1 902 2199
902 901 1
1 903 2197
903 902 1
1 904 2195
904 903 1
1 905 2193
905 904 1
1 906 2191
906 905 1
1 907 2189
907 906 1
1 908 2187
908 907 1
1 909 2185
909 908 1
1 910 2183
910 909 1
1 911 2181
911 910 1
1 912 2179
912 911 1
1 913 2177
913 912 1
1 914 2175
914 913 1
1 915 2173
915 914 1
1 916 2171
916 915 1
1 917 2169
917 916 1
1 918 2167
918 917 1
1 919 2165
919 918 1
1 920 2163
920 919 1
1 921 2161
921 920 1
1 922 2159
922 921 1
1 923 2157
923 922 1
1 924 2155
924 923 1
1 925 2153
925 924 1
1 926 2151
926 925 1
1 927 2149
927 926 1
1 928 2147
928 927 1
1 929 2145
929 928 1
1 930 2143
930 929 1
1 931 2141
931 930 1
1 932 2139
932 931 1
1 933 2137
933 932 1
1 934 2135
934 933 1
1 935 2133
935 934 1
1 936 2131
936 935 1
1 937 2129
937 936 1
1 938 2127
938 937 1
1 939 2125
939 938 1
1 940 2123
940 939 1
1 941 2121
941 940 1
1 942 2119
942 941 1
1 943 2117
943 942 1
1 944 2115
944 943 1
1 945 2113
945 944 1
1 946 2111
946 945 1
1 947 2109
947 946 1
1 948 2107
948 947 1
1 949 2105
949 948 1
1 950 2103
950 949 1
1 951 2101
951 950 1
1 952 2099
952 951 1
1 953 2097
953 952 1
1 954 2095
954 953 1
1 955 2093
955 954 1
1 956 2091
956 955 1
1 957 2089
957 956 1
1 958 2087
958 957 1
1 959 2085
959 958 1
1 960 2083
960 959 1
1 961 2081
961 960 1
1 962 2079
962 961 1
1 963 2077
963 962 1
1 964 2075
964 963 1
1 965 2073
965 964 1
1 966 2071
966 965 1
1 967 2069
967 966 1
1 968 2067
968 967 1
1 969 2065
969 968 1
1 970 2063
970 969 1
1 971 2061
971 970 1
1 972 2059
972 971 1
1 973 2057
973 972 1
1 974 2055
974 973 1
1 975 2053
975 974 1
1 976 2051
976 975 1
1 977 2049
977 976 1
1 978 2047
978 977 1
1 979 2045
979 978 1
1 980 2043
980 979 1
1 981 2041
981 980 1
1 982 2039
982 981 1
1 983 2037
983 982 1
1 984 2035
984 983 1
1 985 2033
985 984 1
1 986 2031
986 985 1
1 987 2029
987 986 1
1 988 2027
988 987 1
1 989 2025
989 988 1
1 990 2023
990 989 1
1 991 2021
991 990 1
1 992 2019
992 991 1
1 993 2017
993 992 1
1 994 2015
994 993 1
1 995 2013
995 994 1
1 996 2011
996 995 1
1 997 2009
997 996 1
1 998 2007
998 997 1
1 999 2005
999 998 1
1 1000 2003
1000 999 1
1 1001 2001
1001 1000 1
1 1002 1999
1002 1001 1
1 1003 1997
1003 1002 1
1 1004 1995
1004 1003 1
1 1005 1993
1005 1004 1
1 1006 1991
1006 1005 1
1 1007 1989
1007 1006 1
1 1008 1987
1008 1007 1
1 1009 1985
1009 1008 1
1 1010 1983
1010 1009 1
1 1011 1981
1011 1010 1
1 1012 1979
1012 1011 1
1 1013 1977
1013 1012 1
1 1014 1975
1014 1013 1
1 1015 1973
1015 1014 1
1 1016 1971
1016 1015 1
1 1017 1969
1017 1016 1
1 1018 1967
1018 1017 1
1 1019 1965
1019 1018 1
1 1020 1963
1020 1019 1
1 1021 1961
1021 1020 1
1 1022 1959
1022 1021 1
1 1023 1957
1023 1022 1
1 1024 1955
1024 1023 1
1 1025 1953
1025 1024 1
1 1026 1951
1026 1025 1
1 1027 1949
1027 1026 1
1 1028 1947
1028 1027 1
1 1029 1945
1029 1028 1
1 1030 1943
1030 1029 1
1 1031 1941
1031 1030 1
1 1032 1939
1032 1031 1
1 1033 1937
1033 1032 1
1 1034 1935
1034 1033 1
1 1035 1933
1035 1034 1
1 1036 1931
1036 1035 1
1 1037 1929
1037 1036 1
1 1038 1927
1038 1037 1
1 1039 1925
1039 1038 1
1 1040 1923
1040 1039 1
1 1041 1921
1041 1040 1
1 1042 1919
1042 1041 1
1 1043 1917
1043 1042 1
1 1044 1915
1044 1043 1
1 1045 1913
1045 1044 1
1 1046 1911
1046 1045 1
1 1047 1909
1047 1046 1
1 1048 1907
1048 1047 1
1 1049 1905
1049 1048 1
1 1050 1903
1050 1049 1
1 1051 1901
1051 1050 1
1 1052 1899
1052 1051 1
1 1053 1897
1053 1052 1
1 1054 1895
1054 1053 1
1 1055 1893
1055 1054 1
1 1056 1891
1056 1055 1
1 1057 1889
1057 1056 1
1 1058 1887
1058 1057 1
1 1059 1885
1059 1058 1
1 1060 1883
1060 1059 1
1 1061 1881
1061 1060 1
1 1062 1879
1062 1061 1
1 1063 1877
1063 1062 1
1 1064 1875
1064 1063 1
1 1065 1873
1065 1064 1
1 1066 1871
1066 1065 1
1 1067 1869
1067 1066 1
1 1068 1867
1068 1067 1
1 1069 1865
1069 1068 1
1 1070 1863
1070 1069 1
1 1071 1861
1071 1070 1
1 1072 1859
1072 1071 1
1 1073 1857
1073 1072 1
1 1074 1855
1074 1073 1
1 1075 1853
1075 1074 1
1 1076 1851
1076 1075 1
1 1077 1849
1077 1076 1
1 1078 1847
1078 1077 1
1 1079 1845
1079 1078 1
1 1080 1843
1080 1079 1
1 1081 1841
1081 1080 1
1 1082 1839
1082 1081 1
1 1083 1837
1083 1082 1
1 1084 1835
1084 1083 1
1 1085 1833
1085 1084 1
1 1086 1831
1086 1085 1
1 1087 1829
1087 1086 1
1 1088 1827
1088 1087 1
1 1089 1825
1089 1088 1
1 1090 1823
1090 1089 1
1 1091 1821
1091 1090 1
1 1092 1819
1092 1091 1
1 1093 1817
1093 1092 1
1 1094 1815
1094 1093 1
1 1095 1813
1095 1094 1
1 1096 1811
1096 1095 1
1 1097 1809
1097 1096 1
1 1098 1807
1098 1097 1
1 1099 1805
1099 1098 1
1 1100 1803
1100 1099 1
1 1101 1801
1101 1100 1
1 1102 1799
1102 1101 1
1 1103 1797
1103 1102 1
1 1104 1795
1104 1103 1
1 1105 1793
1105 1104 1
1 1106 1791
1106 1105 1
1 1107 1789
1107 1106 1
1 1108 1787
1108 1107 1
1 1109 1785
1109 1108 1
1 1110 1783
1110 1109 1
1 1111 1781
1111 1110 1
1 1112 1779
1112 1111 1
1 1113 1777
1113 1112 1
1 1114 1775
1114 1113 1
1 1115 1773
1115 1114 1
1 1116 1771
1116 1115 1
1 1117 1769
1117 1116 1
1 1118 1767
1118 1117 1
1 1119 1765
1119 1118 1
1 1120 1763
1120 1119 1
1 1121 1761
1121 1120 1
1 1122 1759
1122 1121 1
1 1123 1757
1123 1122 1
1 1124 1755
1124 1123 1
1 1125 1753
1125 1124 1
1 1126 1751
1126 1125 1
1 1127 1749
1127 1126 1
1 1128 1747
1128 1127 1
1 1129 1745
1129 1128 1
1 1130 1743
1130 1129 1
1 1131 1741
1131 1130 1
1 1132 1739
1132 1131 1
1 1133 1737
1133 1132 1
1 1134 1735
1134 1133 1
1 1135 1733
1135 1134 1
1 1136 1731
1136 1135 1
1 1137 1729
1137 1136 1
1 1138 1727
1138 1137 1
1 1139 1725
1139 1138 1
1 1140 1723
1140 1139 1
1 1141 1721
1141 1140 1
1 1142 1719
1142 1141 1
1 1143 1717
1143 1142 1
1 1144 1715
1144 1143 1
1 1145 1713
1145 1144 1
1 1146 1711
1146 1145 1
1 1147 1709
1147 1146 1
1 1148 1707
1148 1147 1
1 1149 1705
1149 1148 1
1 1150 1703
1150 1149 1
1 1151 1701
1151 1150 1
1 1152 1699
1152 1151 1
1 1153 1697
1153 1152 1
1 1154 1695
1154 1153 1
1 1155 1693
1155 1154 1
1 1156 1691
1156 1155 1
1 1157 1689
1157 1156 1
1 1158 1687
1158 1157 1
1 1159 1685
1159 1158 1
1 1160 1683
1160 1159 1
1 1161 1681
1161 1160 1
1 1162 1679
1162 1161 1
1 1163 1677
1163 1162 1
1 1164 1675
1164 1163 1
1 1165 1673
1165 1164 1
1 1166 1671
1166 1165 1
1 1167 1669
1167 1166 1
1 1168 1667
1168 1167 1
1 1169 1665
1169 1168 1
1 1170 1663
1170 1169 1
1 1171 1661
1171 1170 1
1 1172 1659
1172 1171 1
1 1173 1657
1173 1172 1
1 1174 1655
1174 1173 1
1 1175 1653
1175 1174 1
1 1176 1651
1176 1175 1
1 1177 1649
1177 1176 1
1 1178 1647
1178 1177 1
1 1179 1645
1179 1178 1
1 1180 1643
1180 1179 1
1 1181 1641
1181 1180 1
1 1182 1639
1182 1181 1
1 1183 1637
1183 1182 1
1 1184 1635
1184 1183 1
1 1185 1633
1185 1184 1
1 1186 1631
1186 1185 1
1 1187 1629
1187 1186 1
1 1188 1627
1188 1187 1
1 1189 1625
1189 1188 1
1 1190 1623
1190 1189 1
1 1191 1621
1191 1190 1
1 1192 1619
1192 1191 1
1 1193 1617
1193 1192 1
1 1194 1615
1194 1193 1
1 1195 1613
1195 1194 1
1 1196 1611
1196 1195 1
1 1197 1609
1197 1196 1
1 1198 1607
1198 1197 1
1 1199 1605
1199 1198 1
1 1200 1603
1200 1199 1
1 1201 1601
1201 1200 1
1 1202 1599
1202 1201 1
1 1203 1597
1203 1202 1
1 1204 1595
1204 1203 1
1 1205 1593
1205 1204 1
1 1206 1591
1206 1205 1
1 1207 1589
1207 1206 1
1 1208 1587
1208 1207 1
1 1209 1585
1209 1208 1
1 1210 1583
1210 1209 1
1 1211 1581
1211 1210 1
1 1212 1579
1212 1211 1
1 1213 1577
1213 1212 1
1 1214 1575
1214 1213 1
1 1215 1573
1215 1214 1
1 1216 1571
1216 1215 1
1 1217 1569
1217 1216 1
1 1218 1567
1218 1217 1
1 1219 1565
1219 1218 1
1 1220 1563
1220 1219 1
1 1221 1561
1221 1220 1
1 1222 1559
1222 1221 1
1 1223 1557
1223 1222 1
1 1224 1555
1224 1223 1
1 1225 1553
1225 1224 1
1 1226 1551
1226 1225 1
1 1227 1549
1227 1226 1
1 1228 1547
1228 1227 1
1 1229 1545
1229 1228 1
1 1230 1543
1230 1229 1
1 1231 1541
1231 1230 1
1 1232 1539
1232 1231 1
1 1233 1537
1233 1232 1
1 1234 1535
1234 1233 1
1 1235 1533
1235 1234 1
1 1236 1531
1236 1235 1
1 1237 1529
1237 1236 1
1 1238 1527
1238 1237 1
1 1239 1525
1239 1238 1
1 1240 1523
1240 1239 1
1 1241 1521
1241 1240 1
1 1242 1519
1242 1241 1
1 1243 1517
1243 1242 1
1 1244 1515
1244 1243 1
1 1245 1513
1245 1244 1
1 1246 1511
1246 1245 1
1 1247 1509
1247 1246 1
1 1248 1507
1248 1247 1
1 1249 1505
1249 1248 1
1 1250 1503
1250 1249 1
1 1251 1501
1251 1250 1
1 1252 1499
1252 1251 1
1 1253 1497
1253 1252 1
1 1254 1495
1254 1253 1
1 1255 1493
1255 1254 1
1 1256 1491
1256 1255 1
1 1257 1489
1257 1256 1
1 1258 1487
1258 1257 1
1 1259 1485
1259 1258 1
1 1260 1483
1260 1259 1
1 1261 1481
1261 1260 1
1 1262 1479
1262 1261 1
1 1263 1477
1263 1262 1
1 1264 1475
1264 1263 1
1 1265 1473
1265 1264 1
1 1266 1471
1266 1265 1
1 1267 1469
1267 1266 1
1 1268 1467
1268 1267 1
1 1269 1465
1269 1268 1
1 1270 1463
1270 1269 1
1 1271 1461
1271 1270 1
1 1272 1459
1272 1271 1
1 1273 1457
1273 1272 1
1 1274 1455
1274 1273 1
1 1275 1453
1275 1274 1
1 1276 1451
1276 1275 1
1 1277 1449
1277 1276 1
1 1278 1447
1278 1277 1
1 1279 1445
1279 1278 1
1 1280 1443
1280 1279 1
1 1281 1441
1281 1280 1
1 1282 1439
1282 1281 1
1 1283 1437
1283 1282 1
1 1284 1435
1284 1283 1
1 1285 1433
1285 1284 1
1 1286 1431
1286 1285 1
1 1287 1429
1287 1286 1
1 1288 1427
1288 1287 1
1 1289 1425
1289 1288 1
1 1290 1423
1290 1289 1
1 1291 1421
1291 1290 1
1 1292 1419
1292 1291 1
1 1293 1417
1293 1292 1
1 1294 1415
1294 1293 1
1 1295 1413
1295 1294 1
1 1296 1411
1296 1295 1
1 1297 1409
1297 1296 1
1 1298 1407
1298 1297 1
1 1299 1405
1299 1298 1
1 1300 1403
1300 1299 1
1 1301 1401
1301 1300 1
1 1302 1399
1302 1301 1
1 1303 1397
1303 1302 1
1 1304 1395
1304 1303 1
1 1305 1393
1305 1304 1
1 1306 1391
1306 1305 1
1 1307 1389
1307 1306 1
1 1308 1387
1308 1307 1
1 1309 1385
1309 1308 1
1 1310 1383
1310 1309 1
1 1311 1381
1311 1310 1
1 1312 1379
1312 1311 1
1 1313 1377
1313 1312 1
1 1314 1375
1314 1313 1
1 1315 1373
1315 1314 1
1 1316 1371
1316 1315 1
1 1317 1369
1317 1316 1
1 1318 1367
1318 1317 1
1 1319 1365
1319 1318 1
1 1320 1363
1320 1319 1
1 1321 1361
1321 1320 1
1 1322 1359
1322 1321 1
1 1323 1357
1323 1322 1
1 1324 1355
1324 1323 1
1 1325 1353
1325 1324 1
1 1326 1351
1326 1325 1
1 1327 1349
1327 1326 1
1 1328 1347
1328 1327 1
1 1329 1345
1329 1328 1
1 1330 1343
1330 1329 1
1 1331 1341
1331 1330 1
1 1332 1339
1332 1331 1
1 1333 1337
1333 1332 1
1 1334 1335
1334 1333 1
1 1335 1333
1335 1334 1
1 1336 1331
1336 1335 1
1 1337 1329
1337 1336 1
1 1338 1327
1338 1337 1
1 1339 1325
1339 1338 1
1 1340 1323
1340 1339 1
1 1341 1321
1341 1340 1
1 1342 1319
1342 1341 1
1 1343 1317
1343 1342 1
1 1344 1315
1344 1343 1
1 1345 1313
1345 1344 1
1 1346 1311
1346 1345 1
1 1347 1309
1347 1346 1
1 1348 1307
1348 1347 1
1 1349 1305
1349 1348 1
1 1350 1303
1350 1349 1
1 1351 1301
1351 1350 1
1 1352 1299
1352 1351 1
1 1353 1297
1353 1352 1
1 1354 1295
1354 1353 1
1 1355 1293
1355 1354 1
1 1356 1291
1356 1355 1
1 1357 1289
1357 1356 1
1 1358 1287
1358 1357 1
1 1359 1285
1359 1358 1
1 1360 1283
1360 1359 1
1 1361 1281
1361 1360 1
1 1362 1279
1362 1361 1
1 1363 1277
1363 1362 1
1 1364 1275
1364 1363 1
1 1365 1273
1365 1364 1
1 1366 1271
1366 1365 1
1 1367 1269
1367 1366 1
1 1368 1267
1368 1367 1
1 1369 1265
1369 1368 1
1 1370 1263
1370 1369 1
1 1371 1261
1371 1370 1
1 1372 1259
1372 1371 1
1 1373 1257
1373 1372 1
1 1374 1255
1374 1373 1
1 1375 1253
1375 1374 1
1 1376 1251
1376 1375 1
1 1377 1249
1377 1376 1
1 1378 1247
1378 1377 1
1 1379 1245
1379 1378 1
1 1380 1243
1380 1379 1
1 1381 1241
1381 1380 1
1 1382 1239
1382 1381 1
1 1383 1237
1383 1382 1
1 1384 1235
1384 1383 1
1 1385 1233
1385 1384 1
1 1386 1231
1386 1385 1
1 1387 1229
1387 1386 1
1 1388 1227
1388 1387 1
1 1389 1225
1389 1388 1
1 1390 1223
1390 1389 1
1 1391 1221
1391 1390 1
1 1392 1219
1392 1391 1
1 1393 1217
1393 1392 1
1 1394 1215
1394 1393 1
1 1395 1213
1395 1394 1
1 1396 1211
1396 1395 1
1 1397 1209
1397 1396 1
1 1398 1207
1398 1397 1
1 1399 1205
1399 1398 1
1 1400 1203
1400 1399 1
1 1401 1201
1401 1400 1
1 1402 1199
1402 1401 1
1 1403 1197
1403 1402 1
1 1404 1195
1404 1403 1
1 1405 1193
1405 1404 1
1 1406 1191
1406 1405 1
1 1407 1189
1407 1406 1
1 1408 1187
1408 1407 1
1 1409 1185
1409 1408 1
1 1410 1183
1410 1409 1
1 1411 1181
1411 1410 1
1 1412 1179
1412 1411 1
1 1413 1177
1413 1412 1
1 1414 1175
1414 1413 1
1 1415 1173
1415 1414 1
1 1416 1171
1416 1415 1
1 1417 1169
1417 1416 1
1 1418 1167
1418 1417 1
1 1419 1165
1419 1418 1
1 1420 1163
1420 1419 1
1 1421 1161
1421 1420 1
1 1422 1159
1422 1421 1
1 1423 1157
1423 1422 1
1 1424 1155
1424 1423 1
1 1425 1153
1425 1424 1
1 1426 1151
1426 1425 1
1 1427 1149
1427 1426 1
1 1428 1147
1428 1427 1
1 1429 1145
1429 1428 1
1 1430 1143
1430 1429 1
1 1431 1141
1431 1430 1
1 1432 1139
1432 1431 1
1 1433 1137
1433 1432 1
1 1434 1135
1434 1433 1
1 1435 1133
1435 1434 1
1 1436 1131
1436 1435 1
1 1437 1129
1437 1436 1
1 1438 1127
1438 1437 1
1 1439 1125
1439 1438 1
1 1440 1123
1440 1439 1
1 1441 1121
1441 1440 1
1 1442 1119
1442 1441 1
1 1443 1117
1443 1442 1
1 1444 1115
1444 1443 1
1 1445 1113
1445 1444 1
1 1446 1111
1446 1445 1
1 1447 1109
1447 1446 1
1 1448 1107
1448 1447 1
1 1449 1105
1449 1448 1
1 1450 1103
1450 1449 1
1 1451 1101
1451 1450 1
1 1452 1099
1452 1451 1
1 1453 1097
1453 1452 1
1 1454 1095
1454 1453 1
1 1455 1093
1455 1454 1
1 1456 1091
1456 1455 1
1 1457 1089
1457 1456 1
1 1458 1087
1458 1457 1
1 1459 1085
1459 1458 1
1 1460 1083
1460 1459 1
1 1461 1081
1461 1460 1
1 1462 1079
1462 1461 1
1 1463 1077
1463 1462 1
1 1464 1075
1464 1463 1
1 1465 1073
1465 1464 1
1 1466 1071
1466 1465 1
1 1467 1069
1467 1466 1
1 1468 1067
1468 1467 1
1 1469 1065
1469 1468 1
1 1470 1063
1470 1469 1
1 1471 1061
1471 1470 1
1 1472 1059
1472 1471 1
1 1473 1057
1473 1472 1
1 1474 1055
1474 1473 1
1 1475 1053
1475 1474 1
1 1476 1051
1476 1475 1
1 1477 1049
1477 1476 1
1 1478 1047
1478 1477 1
1 1479 1045
1479 1478 1
1 1480 1043
1480 1479 1
1 1481 1041
1481 1480 1
1 1482 1039
1482 1481 1
1 1483 1037
1483 1482 1
1 1484 1035
1484 1483 1
1 1485 1033
1485 1484 1
1 1486 1031
1486 1485 1
1 1487 1029
1487 1486 1
1 1488 1027
1488 1487 1
1 1489 1025
1489 1488 1
1 1490 1023
1490 1489 1
1 1491 1021
1491 1490 1
1 1492 1019
1492 1491 1
1 1493 1017
1493 1492 1
1 1494 1015
1494 1493 1
1 1495 1013
1495 1494 1
1 1496 1011
1496 1495 1
1 1497 1009
1497 1496 1
1 1498 1007
1498 1497 1
1 1499 1005
1499 1498 1
1 1500 1003
1500 1499 1
1 1501 1001
1501 1500 1
1 1502 999
1502 1501 1
1 1503 997
1503 1502 1
1 1504 995
1504 1503 1
1 1505 993
1505 1504 1
1 1506 991
1506 1505 1
1 1507 989
1507 1506 1
1 1508 987
1508 1507 1
1 1509 985
1509 1508 1
1 1510 983
1510 1509 1
1 1511 981
1511 1510 1
1 1512 979
1512 1511 1
1 1513 977
1513 1512 1
1 1514 975
1514 1513 1
1 1515 973
1515 1514 1
1 1516 971
1516 1515 1
1 1517 969
1517 1516 1
1 1518 967
1518 1517 1
1 1519 965
1519 1518 1
1 1520 963
1520 1519 1
1 1521 961
1521 1520 1
1 1522 959
1522 1521 1
1 1523 957
1523 1522 1
1 1524 955
1524 1523 1
1 1525 953
1525 1524 1
1 1526 951
1526 1525 1
1 1527 949
1527 1526 1
1 1528 947
1528 1527 1
1 1529 945
1529 1528 1
1 1530 943
1530 1529 1
1 1531 941
1531 1530 1
1 1532 939
1532 1531 1
1 1533 937
1533 1532 1
1 1534 935
1534 1533 1
1 1535 933
1535 1534 1
1 1536 931
1536 1535 1
1 1537 929
1537 1536 1
1 1538 927
1538 1537 1
1 1539 925
1539 1538 1
1 1540 923
1540 1539 1
1 1541 921
1541 1540 1
1 1542 919
1542 1541 1
1 1543 917
1543 1542 1
1 1544 915
1544 1543 1
1 1545 913
1545 1544 1
1 1546 911
1546 1545 1
1 1547 909
1547 1546 1
1 1548 907
1548 1547 1
1 1549 905
1549 1548 1
1 1550 903
1550 1549 1
1 1551 901
1551 1550 1
1 1552 899
1552 1551 1
1 1553 897
1553 1552 1
1 1554 895
1554 1553 1
1 1555 893
1555 1554 1
1 1556 891
1556 1555 1
1 1557 889
1557 1556 1
1 1558 887
1558 1557 1
1 1559 885
1559 1558 1
1 1560 883
1560 1559 1
1 1561 881
1561 1560 1
1 1562 879
1562 1561 1
1 1563 877
1563 1562 1
1 1564 875
1564 1563 1
1 1565 873
1565 1564 1
1 1566 871
1566 1565 1
1 1567 869
1567 1566 1
1 1568 867
1568 1567 1
1 1569 865
1569 1568 1
1 1570 863
1570 1569 1
1 1571 861
1571 1570 1
1 1572 859
1572 1571 1
1 1573 857
1573 1572 1
1 1574 855
1574 1573 1
1 1575 853
1575 1574 1
1 1576 851
1576 1575 1
1 1577 849
1577 1576 1
1 1578 847
1578 1577 1
1 1579 845
1579 1578 1
1 1580 843
1580 1579 1
1 1581 841
1581 1580 1
1 1582 839
1582 1581 1
1 1583 837
1583 1582 1
1 1584 835
1584 1583 1
1 1585 833
1585 1584 1
1 1586 831
1586 1585 1
1 1587 829
1587 1586 1
1 1588 827
1588 1587 1
1 1589 825
1589 1588 1
1 1590 823
1590 1589 1
1 1591 821
1591 1590 1
1 1592 819
1592 1591 1
1 1593 817
1593 1592 1
1 1594 815
1594 1593 1
1 1595 813
1595 1594 1
1 1596 811
1596 1595 1
1 1597 809
1597 1596 1
1 1598 807
1598 1597 1
1 1599 805
1599 1598 1
1 1600 803
1600 1599 1
1 1601 801
1601 1600 1
1 1602 799
1602 1601 1
1 1603 797
1603 1602 1
1 1604 795
1604 1603 1
1 1605 793
1605 1604 1
1 1606 791
1606 1605 1
1 1607 789
1607 1606 1
1 1608 787
1608 1607 1
1 1609 785
1609 1608 1
1 1610 783
1610 1609 1
1 1611 781
1611 1610 1
1 1612 779
1612 1611 1
1 1613 777
1613 1612 1
1 1614 775
1614 1613 1
1 1615 773
1615 1614 1
1 1616 771
1616 1615 1
1 1617 769
1617 1616 1
1 1618 767
1618 1617 1
1 1619 765
1619 1618 1
1 1620 763
1620 1619 1
1 1621 761
1621 1620 1
1 1622 759
1622 1621 1
1 1623 757
1623 1622 1
1 1624 755
1624 1623 1
1 1625 753
1625 1624 1
1 1626 751
1626 1625 1
1 1627 749
1627 1626 1
1 1628 747
1628 1627 1
1 1629 745
1629 1628 1
1 1630 743
1630 1629 1
1 1631 741
1631 1630 1
1 1632 739
1632 1631 1
1 1633 737
1633 1632 1
1 1634 735
1634 1633 1
1 1635 733
1635 1634 1
1 1636 731
1636 1635 1
1 1637 729
1637 1636 1
1 1638 727
1638 1637 1
1 1639 725
1639 1638 1
1 1640 723
1640 1639 1
1 1641 721
1641 1640 1
1 1642 719
1642 1641 1
1 1643 717
1643 1642 1
1 1644 715
1644 1643 1
1 1645 713
1645 1644 1
1 1646 711
1646 1645 1
1 1647 709
1647 1646 1
1 1648 707
1648 1647 1
1 1649 705
1649 1648 1
1 1650 703
1650 1649 1
1 1651 701
1651 1650 1
1 1652 699
1652 1651 1
1 1653 697
1653 1652 1
1 1654 695
1654 1653 1
1 1655 693
1655 1654 1
1 1656 691
1656 1655 1
1 1657 689
1657 1656 1
1 1658 687
1658 1657 1
1 1659 685
1659 1658 1
1 1660 683
1660 1659 1
1 1661 681
1661 1660 1
1 1662 679
1662 1661 1
1 1663 677
1663 1662 1
1 1664 675
1664 1663 1
1 1665 673
1665 1664 1
1 1666 671
1666 1665 1
1 1667 669
1667 1666 1
1 1668 667
1668 1667 1
1 1669 665
1669 1668 1
1 1670 663
1670 1669 1
1 1671 661
1671 1670 1
1 1672 659
1672 1671 1
1 1673 657
1673 1672 1
1 1674 655
1674 1673 1
1 1675 653
1675 1674 1
1 1676 651
1676 1675 1
1 1677 649
1677 1676 1
1 1678 647
1678 1677 1
1 1679 645
1679 1678 1
1 1680 643
1680 1679 1
1 1681 641
1681 1680 1
1 1682 639
1682 1681 1
1 1683 637
1683 1682 1
1 1684 635
1684 1683 1
1 1685 633
1685 1684 1
1 1686 631
1686 1685 1
1 1687 629
1687 1686 1
1 1688 627
1688 1687 1
1 1689 625
1689 1688 1
1 1690 623
1690 1689 1
1 1691 621
1691 1690 1
1 1692 619
1692 1691 1
1 1693 617
1693 1692 1
1 1694 615
1694 1693 1
1 1695 613
1695 1694 1
1 1696 611
1696 1695 1
1 1697 609
1697 1696 1
1 1698 607
1698 1697 1
1 1699 605
1699 1698 1
1 1700 603
1700 1699 1
1 1701 601
1701 1700 1
1 1702 599
1702 1701 1
1 1703 597
1703 1702 1
1 1704 595
1704 1703 1
1 1705 593
1705 1704 1
1 1706 591
1706 1705 1
1 1707 589
1707 1706 1
1 1708 587
1708 1707 1
1 1709 585
1709 1708 1
1 1710 583
1710 1709 1
1 1711 581
1711 1710 1
1 1712 579
1712 1711 1
1 1713 577
1713 1712 1
1 1714 575
1714 1713 1
1 1715 573
1715 1714 1
1 1716 571
1716 1715 1
1 1717 569
1717 1716 1
1 1718 567
1718 1717 1
1 1719 565
1719 1718 1
1 1720 563
1720 1719 1
1 1721 561
1721 1720 1
1 1722 559
1722 1721 1
1 1723 557
1723 1722 1
1 1724 555
1724 1723 1
1 1725 553
1725 1724 1
1 1726 551
1726 1725 1
1 1727 549
1727 1726 1
1 1728 547
1728 1727 1
1 1729 545
1729 1728 1
1 1730 543
1730 1729 1
1 1731 541
1731 1730 1
1 1732 539
1732 1731 1
1 1733 537
1733 1732 1
1 1734 535
1734 1733 1
1 1735 533
1735 1734 1
1 1736 531
1736 1735 1
1 1737 529
1737 1736 1
1 1738 527
1738 1737 1
1 1739 525
1739 1738 1
1 1740 523
1740 1739 1
1 1741 521
1741 1740 1
1 1742 519
1742 1741 1
1 1743 517
1743 1742 1
1 1744 515
1744 1743 1
1 1745 513
1745 1744 1
1 1746 511
1746 1745 1
1 1747 509
1747 1746 1
1 1748 507
1748 1747 1
1 1749 505
1749 1748 1
1 1750 503
1750 1749 1
1 1751 501
1751 1750 1
1 1752 499
1752 1751 1
1 1753 497
1753 1752 1
1 1754 495
1754 1753 1
1 1755 493
1755 1754 1
1 1756 491
1756 1755 1
1 1757 489
1757 1756 1
1 1758 487
1758 1757 1
1 1759 485
1759 1758 1
1 1760 483
1760 1759 1
1 1761 481
1761 1760 1
1 1762 479
1762 1761 1
1 1763 477
1763 1762 1
1 1764 475
1764 1763 1
1 1765 473
1765 1764 1
1 1766 471
1766 1765 1
1 1767 469
1767 1766 1
1 1768 467
1768 1767 1
1 1769 465
1769 1768 1
1 1770 463
1770 1769 1
1 1771 461
1771 1770 1
1 1772 459
1772 1771 1
1 1773 457
1773 1772 1
1 1774 455
1774 1773 1
1 1775 453
1775 1774 1
1 1776 451
1776 1775 1
1 1777 449
1777 1776 1
1 1778 447
1778 1777 1
1 1779 445
1779 1778 1
1 1780 443
1780 1779 1
1 1781 441
1781 1780 1
1 1782 439
1782 1781 1
1 1783 437
1783 1782 1
1 1784 435
1784 1783 1
1 1785 433
1785 1784 1
1 1786 431
1786 1785 1
1 1787 429
1787 1786 1
1 1788 427
1788 1787 1
1 1789 425
1789 1788 1
1 1790 423
1790 1789 1
1 1791 421
1791 1790 1
1 1792 419
1792 1791 1
1 1793 417
1793 1792 1
1 1794 415
1794 1793 1
1 1795 413
1795 1794 1
1 1796 411
1796 1795 1
1 1797 409
1797 1796 1
1 1798 407
1798 1797 1
1 1799 405
1799 1798 1
1 1800 403
1800 1799 1
1 1801 401
1801 1800 1
1 1802 399
1802 1801 1
1 1803 397
1803 1802 1
1 1804 395
1804 1803 1
1 1805 393
1805 1804 1
1 1806 391
1806 1805 1
1 1807 389
1807 1806 1
1 1808 387
1808 1807 1
1 1809 385
1809 1808 1
1 1810 383
1810 1809 1
1 1811 381
1811 1810 1
1 1812 379
1812 1811 1
1 1813 377
1813 1812 1
1 1814 375
1814 1813 1
1 1815 373
1815 1814 1
1 1816 371
1816 1815 1
1 1817 369
1817 1816 1
1 1818 367
1818 1817 1
1 1819 365
1819 1818 1
1 1820 363
1820 1819 1
1 1821 361
1821 1820 1
1 1822 359
1822 1821 1
1 1823 357
1823 1822 1
1 1824 355
1824 1823 1
1 1825 353
1825 1824 1
1 1826 351
1826 1825 1
1 1827 349
1827 1826 1
1 1828 347
1828 1827 1
1 1829 345
1829 1828 1
1 1830 343
1830 1829 1
1 1831 341
1831 1830 1
1 1832 339
1832 1831 1
1 1833 337
1833 1832 1
1 1834 335
1834 1833 1
1 1835 333
1835 1834 1
1 1836 331
1836 1835 1
1 1837 329
1837 1836 1
1 1838 327
1838 1837 1
1 1839 325
1839 1838 1
1 1840 323
1840 1839 1
1 1841 321
1841 1840 1
1 1842 319
1842 1841 1
1 1843 317
1843 1842 1
1 1844 315
1844 1843 1
1 1845 313
1845 1844 1
1 1846 311
1846 1845 1
1 1847 309
1847 1846 1
1 1848 307
1848 1847 1
1 1849 305
1849 1848 1
1 1850 303
1850 1849 1
1 1851 301
1851 1850 1
1 1852 299
1852 1851 1
1 1853 297
1853 1852 1
1 1854 295
1854 1853 1
1 1855 293
1855 1854 1
1 1856 291
1856 1855 1
1 1857 289
1857 1856 1
1 1858 287
1858 1857 1
1 1859 285
1859 1858 1
1 1860 283
1860 1859 1
1 1861 281
1861 1860 1
1 1862 279
1862 1861 1
1 1863 277
1863 1862 1
1 1864 275
1864 1863 1
1 1865 273
1865 1864 1
1 1866 271
1866 1865 1
1 1867 269
1867 1866 1
1 1868 267
1868 1867 1
1 1869 265
1869 1868 1
1 1870 263
1870 1869 1
1 1871 261
1871 1870 1
1 1872 259
1872 1871 1
1 1873 257
1873 1872 1
1 1874 255
1874 1873 1
1 1875 253
1875 1874 1
1 1876 251
1876 1875 1
1 1877 249
1877 1876 1
1 1878 247
1878 1877 1
1 1879 245
1879 1878 1
1 1880 243
1880 1879 1
1 1881 241
1881 1880 1
1 1882 239
1882 1881 1
1 1883 237
1883 1882 1
1 1884 235
1884 1883 1
1 1885 233
1885 1884 1
1 1886 231
1886 1885 1
1 1887 229
1887 1886 1
1 1888 227
1888 1887 1
1 1889 225
1889 1888 1
1 1890 223
1890 1889 1
1 1891 221
1891 1890 1
1 1892 219
1892 1891 1
1 1893 217
1893 1892 1
1 1894 215
1894 1893 1
1 1895 213
1895 1894 1
1 1896 211
1896 1895 1
1 1897 209
1897 1896 1
1 1898 207
1898 1897 1
1 1899 205
1899 1898 1
1 1900 203
1900 1899 1
1 1901 201
1901 1900 1
1 1902 199
1902 1901 1
1 1903 197
1903 1902 1
1 1904 195
1904 1903 1
1 1905 193
1905 1904 1
1 1906 191
1906 1905 1
1 1907 189
1907 1906 1
1 1908 187
1908 1907 1
1 1909 185
1909 1908 1
1 1910 183
1910 1909 1
1 1911 181
1911 1910 1
1 1912 179
1912 1911 1
1 1913 177
1913 1912 1
1 1914 175
1914 1913 1
1 1915 173
1915 1914 1
1 1916 171
1916 1915 1
1 1917 169
1917 1916 1
1 1918 167
1918 1917 1
1 1919 165
1919 1918 1
1 1920 163
1920 1919 1
1 1921 161
1921 1920 1
1 1922 159
1922 1921 1
1 1923 157
1923 1922 1
1 1924 155
1924 1923 1
1 1925 153
1925 1924 1
1 1926 151
1926 1925 1
1 1927 149
1927 1926 1
1 1928 147
1928 1927 1
1 1929 145
1929 1928 1
1 1930 143
1930 1929 1
1 1931 141
1931 1930 1
1 1932 139
1932 1931 1
1 1933 137
1933 1932 1
1 1934 135
1934 1933 1
1 1935 133
1935 1934 1
1 1936 131
1936 1935 1
1 1937 129
1937 1936 1
1 1938 127
1938 1937 1
1 1939 125
1939 1938 1
1 1940 123
1940 1939 1
1 1941 121
1941 1940 1
1 1942 119
1942 1941 1
1 1943 117
1943 1942 1
1 1944 115
1944 1943 1
1 1945 113
1945 1944 1
1 1946 111
1946 1945 1
1 1947 109
1947 1946 1
1 1948 107
1948 1947 1
1 1949 105
1949 1948 1
1 1950 103
1950 1949 1
1 1951 101
1951 1950 1
1 1952 99
1952 1951 1
1 1953 97
1953 1952 1
1 1954 95
1954 1953 1
1 1955 93
1955 1954 1
1 1956 91
1956 1955 1
1 1957 89
1957 1956 1
1 1958 87
1958 1957 1
1 1959 85
1959 1958 1
1 1960 83
1960 1959 1
1 1961 81
1961 1960 1
1 1962 79
1962 1961 1
1 1963 77
1963 1962 1
1 1964 75
1964 1963 1
1 1965 73
1965 1964 1
1 1966 71
1966 1965 1
1 1967 69
1967 1966 1
1 1968 67
1968 1967 1
1 1969 65
1969 1968 1
1 1970 63
1970 1969 1
1 1971 61
1971 1970 1
1 1972 59
1972 1971 1
1 1973 57
1973 1972 1
1 1974 55
1974 1973 1
1 1975 53
1975 1974 1
1 1976 51
1976 1975 1
1 1977 49
1977 1976 1
1 1978 47
1978 1977 1
1 1979 45
1979 1978 1
1 1980 43
1980 1979 1
1 1981 41
1981 1980 1
1 1982 39
1982 1981 1
1 1983 37
1983 1982 1
1 1984 35
1984 1983 1
1 1985 33
1985 1984 1
1 1986 31
1986 1985 1
1 1987 29
1987 1986 1
1 1988 27
1988 1987 1
1 1989 25
1989 1988 1
1 1990 23
1990 1989 1
1 1991 21
1991 1990 1
1 1992 19
1992 1991 1
1 1993 17
1993 1992 1
1 1994 15
1994 1993 1
1 1995 13
1995 1994 1
1 1996 11
1996 1995 1
1 1997 9
1997 1996 1
1 1998 7
1998 1997 1
1 1999 5
1999 1998 1
