1161818420
366495069
2786411239
3661239412
2146770692
3315842603
1496681569
739727353
2440093994
3286087953
3411479262
2780822781
3439930431
3705312911
1126656972
1258699708
727307672
3303241016
3273052972
3900896657
2295454928
2669665128
2207631460
3631745066
3889259290
1835325002
3099178299
2868401173
1031734629
2298853541
3173781237
336103113
1067048252
2082153356
3201807569
2501928765
155923995
895239189
3308841018
2006223677
3122243178
2996537992
3638227614
326003417
2237962499
503102864
145204464
3041226592
257700872
1831711130
2216841458
2744552136
324614087
690464167
3023454661
324447541
3041796949
2183127488
443045262
3328889646
3544617102
411006540
2491309943
3922579610
784954645
3002886483
4090398920
2123065853
2892995949
4127379796
3655371669
1089908417
409833472
3640359125
3617671205
3122665604
3626461137
753749736
1463997924
54280291
2410644226
3806730499
865483590
2705710995
1659049388
583888625
3860456293
2560891237
692865559
2218393983
913500211
383947740
846232175
1463255829
2659228286
1838250101
3746498870
2149838956
2457266054
672473539
2044532897
2372461461
4209026452
1623893783
2795684544
600015244
480376947
1982307725
1639411954
2112512773
3387924743
4137111901
2753360810
2085953859
1776886111
2066639925
1032618691
2969501594
2517578271
624280637
3347915431
3447600005
3628698951
1941675649
1682359910
2399877485
372731527
2645385749
368941441
4216530901
1308125868
4055331643
1107380872
895039635
3371316239
4274459635
3456480653
39041264
3792166597
1194556240
3839763654
1585777112
1775744082
606302999
2074425610
1159451424
4190232444
1785512704
824975873
3462355683
973337558
2500276381
3386244333
443958144
4248006461
2454594712
2613926916
3399976877
2103308822
409298552
465339332
2361378189
2410448228
2415931309
2023413251
112453169
3446746458
155377326
2315663513
3688804001
3155629255
3210251694
300976338
2950975973
203149714
2449077401
823623824
2256288297
2618203473
1076606369
2634860823
2072487444
2737846413
1264894418
614356122
3180265542
4244493808
1619500722
1042527115
1940218101
480606176
1926082939
3779891380
640773057
1089731969
737638352
1950639016
121402400
197596294
3623208626
3907383562
3107331048
208784054
4043645272
377543002
1776669610
1376500220
3179516538
835608065
1994833121
2048707707
1499332885
1348544971
4125457909
1175410228
450292123
3174357804
2700031640
2483964792
3589739332
3311360102
913104405
3880734439
2322737315
1357677876
58168080
2910454470
526868873
1186717367
4318448
3552149439
2178314688
2143957516
871167551
1746212019
2341733830
916604403
3330851461
1542178583
2881913528
4063715282
2692271498
9364368
2240301807
3725720722
1772833466
2034043823
4002034562
1930038765
810397145
3966149218
3816769157
3127094545
2103719344
1542439073
1560905238
3292474998
1409084386
1602647814
2387788887
46794730
560899532
3079530329
1410806973
1505699230
903086022
2605292097
4082197316
3417131593
1102323534
4141635560
2289929226
2083404780
548109199
173087621
2704495293
2760678441
3521937109
3591957837
1456934289
1795416507
3161071213
1106216395
713182495
2332163722
1785988760
222241001
447962551
332209788
4126899913
1475177543
1478446005
4190736605
68540886
3924630345
1986316574
816409256
567035686
3314441703
3158315468
2506923251
1377602112
3766326530
569576433
2967757470
3156565715
3567920629
3190767937
3361162293
2996448523
4061859045
2064045437
3424154070
2966459311
1171879219
2409237453
485592926
3649812511
2629337394
2202551240
1579447724
2065729099
2126773639
3031626665
3733743247
1350194228
1657067107
3062985562
268187353
2367890958
635683572
1219835479
275417432
113444039
2286144719
3570308835
2313998126
252613122
2175588423
1886424148
177570702
3927061926
3338258383
2998299383
1128673676
3011205832
1025048050
3231769609
3749496815
3291551469
1230332973
2476888247
3747954250
3017791549
1627216707
1950407472
1974487091
2043773228
1492945909
1959370397
301338011
435119155
3549730808
3606719887
665796616
1532488062
1133769858
2218564722
862642255
1808647974
725556662
2358405240
3099386791
2491649836
3647597904
21073962
3526954779
1314332257
3613598263
3881399259
2771890813
1750254293
434924304
2615695207
2003715574
3062926456
3371548648
8666636
127913942
1634907168
3614798749
2710414550
3058574001
987143740
1759159201
3147438460
34442467
3786084216
3314631691
1448204249
1859180795
3628828210
1141072429
2074670041
1991571860
3896927608
54652771
120792731
2416349890
2367999691
4223748472
496150253
2830554834
1358292740
1719556731
579100281
1047731299
2052894456
1951629475
598203130
3598317543
49403651
3985630050
2804407741
3625624905
3891194051
2240605613
461468227
2788678187
2012900625
195628219
407500664
1957293806
3625259155
750054049
2243043839
838905464
2116413727
1338932062
3479887771
300357252
335729469
244170152
4294927805
2059156287
2754901453
3695055017
2187239752
1566150061
1384785890
3247059916
940643120
3796767683
1988560976
2694192658
2900542482
2784705610
2770673363
2379604956
1229526525
1480323214
3267733946
1581596930
2604589549
691739822
2162298436
281028280
3239035419
162886661
291809855
3362550170
2167581216
2210118964
2570181666
97878775
3530406137
574868774
791848101
684591589
1788528356
1469387781
432414504
1861441175
3409052590
1255867289
3285151251
2678519368
3590745859
3045481598
244160006
1035350536
3708066680
764145949
3961296560
2723409924
1584890917
3319117435
3665437523
597342817
1919701966
3300245899
4272505934
572125922
4186145014
4016032749
940815799
4080639314
407157356
3798750649
2124137940
2211314871
2765323467
1360606651
3852532931
645543817
3020957356
3011746036
265112357
4015470540
2080094076
655138981
1916624122
3845074946
2519512412
3804310290
2079933338
2039863081
1319732995
1297035484
4267267754
3469389313
2602734662
550913451
1013625721
671272708
4127108317
423888096
833446277
3418396059
754111984
1033003685
1756034763
3612882501
3437590805
3741996141
3658246425
732453229
1983700946
2911062040
2414171434
634721490
2753968576
2555631410
1763174208
3605057629
219317681
3492057474
1332940695
4262289019
1308456000
3662770435
385290113
2922722382
3443350279
581292666
788752128
2689395516
1195508681
4057845806
3249455867
1681652392
3380173720
1523157265
975372512
2903504780
2187311308
812690798
2843603670
60277804
4103848803
980613230
2704259809
1452426540
1673381007
3671883649
3473879934
1883460431
1458122973
2457300697
1838506829
3592979597
2817046314
375796036
2499600565
434933257
134906596
2251269105
4191410583
605086692
1802369775
1731538488
4271979133
2256363035
1210781422
3935418697
4080742204
3439116668
3447963038
3936803768
805441988
3913852430
27391764
907299364
1674252218
371821874
1483384935
1989419967
245185538
1497061221
170011098
2642115166
581186374
255283772
1957640584
1485161890
2726039782
2623720816
3922671564
325105210
4182118486
1380550896
1087237793
3794695263
3400516179
3303520258
286497960
1610606022
3839577748
1868591083
2200818030
5750761
4064449775
15609321
881480652
3253644330
2113260411
202906123
2474873662
3017611785
2870214974
1640335576
1556593399
89534733
2917095173
496513493
692625065
152438973
4220557031
1512511145
3696162715
699130702
3151368468
1959354628
2361628298
598574686
3501619171
21066036
1008808898
3558444855
2525752338
3413696426
4099586239
156123348
1654612360
1456926650
4034068269
1907082480
1351976156
691868585
464486149
3761151785
1739053705
1195697934
3555242210
1249899880
4294552622
1412572901
4130200886
90863304
1913214779
463638049
3610678771
1182091676
3163806519
2610294838
383528191
727834424
244157720
4275141690
3086837694
1924723932
1152939009
3851150602
3942126991
2557339553
119592470
2765295
2794586850
320537893
752964551
3740307508
4134616455
4079902996
780734097
2318037059
1883582025
2112473178
1152113679
2597045967
2153448477
4273193503
3343036027
3451425742
4279678503
3910144617
2019378570
2612841555
1747140676
2053175082
2118437204
417381639
4061964723
3629403915
1853054669
1618152304
1950538305
2526153051
1999865581
1922662647
1388409021
4134074984
3534202720
271302084
2524063422
2206622387
1707318185
3764737885
3937642379
821215831
2350612851
1398151001
2759017098
2947979686
1364652805
2217927039
2686416925
2576440880
2229204781
1490460243
1769796301
4034703907
2998520651
2698754649
3649277450
2813076110
2867454752
75627714
3188749121
3946269025
1434598262
1786401480
2620755977
2032155081
2452024952
132915819
2887789362
3579981615
2876694611
4151067405
86648297
3358133213
4001900255
278247985
3034938618
726644325
3978810030
634171932
3280404545
798477438
1454625051
1530006666
334859230
965392191
604665423
3536124663
592634655
164763112
4284916374
4006016198
1524787144
1960506003
2386767330
709938805
1125060934
2724136960
748509652
341866927
283688806
2939471945
632672052
582124187
3795938968
2530781490
2409503809
640583894
153523201
1137456629
1495736400
862611994
2080998098
1814191424
4086472186
2864463453
3809079238
1159032829
744628853
1057946135
2621450289
1132422014
3077824513
3655677913
1324999512
1366624021
2278257493
912158878
4109439689
3447668649
4133441961
2967066722
538385665
2066676137
1509090463
1296222299
2598256685
2416057749
3065335717
3857285970
2672252586
584615400
822055061
788938089
3785998446
1581714951
3014657004
2411326953
3382465301
2483778053
3343065470
2995681701
715587556
3561842148
3999739646
3399411970
2590487232
4226130606
1978443746
592422061
481727875
695806059
1035832137
1307250108
2110785903
2705455695
41863154
4059209071
1378527228
2313104901
3782086870
2075704080
1227554043
3996072091
4109891316
3509937177
2379563478
3549328785
204289846
3131186391
2167238273
349488792
3095636284
958367889
3829224848
1955999786
2864356073
1029148860
587493457
1789573092
2960339296
4204485657
2519490054
3991212269
4249735445
1873467658
2196960060
1654273399
2814169648
2263864301
1515476090
1664100068
1081965157
114186784
541381163
1062416325
3573671221
2960250293
3376771516
3877929108
3020535986
4177305744
3627060098
1146365566
4189490936
984485130
2125928351
911438595
2718872026
824678982
2075961135
2758354060
2279212557
2957216308
951287043
751389538
2356197663
1919386662
2227541878
434551864
1234258170
426487296
296483352
1122252828
1549622217
1801093799
1432727113
57231971
2331711700
3541036414
1634497287
3666162797
950373457
55308106
1820542131
3475691911
491232359
675855909
650227348
2551826291
2480232773
2476473551
865559805
2853025017
1718080006
3863622152
2438125039
1359484610
2675037461
828209452
2911632726
818647248
4277565166
3850877513
645970907
324358364
3058493678
3371503662
418825560
1455807518
3282896195
2477997609
3102151950
991269308
3968135692
774038457
2972294900
1153981362
3398533855
367165915
794960503
3633836214
2547397385
3767808799
305794187
921407521
3349774746
3351702603
3579339607
1619618232
3229975976
434825753
1376448165
2734284350
3812334180
970908259
451823969
3553081512
2649068239
3301258738
3477332989
1284399113
3667225387
4074535542
3914234486
990369284
4188727632
3654995446
2687651875
597095716
2135403470
2203468315
2300325255
1000967699
2540772465
2929713066
2445882206
516944154
604641770
1962855824
1521277218
2735820574
2267103483
738645207
821117750
1366022921
1980342143
3459988774
1192465484
1367210688
3008704275
3274955308
2032921375
2519040907
401355674
3677642004
2625306857
442202349
3371087027
1636945319
433273010
3223518754
3824151624
2876655026
1915256325
2841549656
2758220868
1894172609
1844397937
124757075
3973704110
624485783
135972139
973998116
3492669991
60200144
19744901
3105532572
3344997098
1834191826
721480576
3860368501
1746359940
2594538533
402788601
3687085411
2241534160
1330835356
872825400
1416870695
1791719731
2916090773
2551985779
2853870403
3037350719
4163078037
1156992941
292819671
3215372944
4198032084
2109971570
585937649
2998897712
609821641
2118479175
1071181908
197743423
3382250646
1614977658
4053239157
2194383306
157728120
1822091975
2287779492
3855831860
367747991
2679827958
695469667
1963966744
4197959393
4212404674
4086978218
4019794435
4024619549
2688132105
1479201283
1852348045
1916247713
800005560
427427250
332405303
1535691838
922925202
2229818217
1230159118
3843012316
3800684032
4051110680
1302218027
799783660
3066465837
1004122060
2033885609
1567610483
2505024600
2795520783
1306737865
1024505344
401480007
2562787670
3400552522
286210976
1143335431
1495353491
1367078711
867973066
1731138150
2944232072
1828884313
795975065
797245356
3134561894
1631020018
2924710320
1522732809
590833064
433557964
1798624889
2126031777
498767522
4184050204
2958258328
1391850439
3930412378
3954546311
3314953829
155457937
867198176
1923321329
4172811963
396951893
972783478
417328099
2108722257
490810977
3308242060
2385640485
1150276730
1636346066
1151448538
3335925668
1899375904
3787021443
2490848505
272637486
3269276372
926877478
3384984737
1122694017
3382552659
3940863521
1786063878
1035388333
398949595
3554221962
2805972654
3029825892
1352646557
3441785735
3964435127
209450787
1240950898
1200474945
280594301
3193287220
2414119065
913518058
847730213
1356476122
4158567377
3650925072
2204553571
2690914804
2445039521
66938603
82258194
266402098
702617850
1442930134
2238168970
3971084330
2359103283
153368372
3308749399
4037984579
2433758313
2044728052
2065727619
677785713
661243452
3317970976
1231413620
2807109970
142905938
3961635272
3591599464
1181778439
1345784208
4188727268
2325276125
2740035410
3762275143
327937350
2017181607
4122167355
269095811
1166516138
190581223
2192949365
964344307
3377254368
188307948
1471416785
4164376739
1436674498
920444993
1194175328
2148041961
3791650155
1547542520
2794316822
660159850
456700587
3712055598
4130349564
3240022356
3920247700
231383827
2433918601
2750970062
4050833195
2435740643
3578972729
1296636908
1033400258
583099931
2755350281
526175690
234385738
2977576286
2671810592
2453687060
3457382082
836977954
2741325662
3406326267
1686650603
971243177
1682237746
358246388
3121179869
131738191
1792793547
1395678288
3453368083
2299910512
2413540599
2376005904
3020576350
64129588
980582068
4215320459
3144947396
390116386
1051148025
2650631620
1466479522
1065275325
1346197243
772212437
1089745313
2345404406
923393936
2655863854
1537327456
2152513784
2521806125
3195942381
3998179802
3378271336
4182509763
3210736120
1421880917
1214006998
1246588380
1412766222
694160837
3067369824
1143628218
616701944
1872398723
892466588
3576182795
3958415268
239662981
2155350705
3586839571
944843270
2113375133
2138181982
3522914042
3111994401
1168628347
2574535179
1183553416
3696898142
825724193
2402654070
1314780693
3629943180
1169942892
112060804
1688172678
20815722
827745782
4259303860
2323640937
2680025711
689326519
3507605683
1690970526
1679422673
2851044370
3474624279
2803864601
1390347282
3186262405
52716552
2561642091
1967539647
3121987114
318530919
2457026438
1548693365
2970804165
394579329
2363407097
2749613548
19049590
4114426149
2481870967
289755316
1935147072
2369462237
4219893957
2612616479
3309633819
1269859297
1335301388
1938996243
979413528
506938425
705675111
3367343752
2262336039
606767838
2863990082
215596273
346522355
960341691
1286149938
1637077189
1765175850
3671131108
245279407
2626520162
1732373459
2494973596
2506569580
2831524954
2985011255
2788247284
3272726367
230646014
3010347864
1891844979
1837220322
1650767429
3807444953
2363810086
3526356150
1329855924
3326756478
3206749022
3775145693
1784543148
4062166855
3018469144
1453444955
2514555953
3612816176
1917536537
3363230904
3698161965
4117291047
2136479186
693391124
2281029224
152408525
3233282400
227908671
3248320837
1244468589
2675209284
1884942262
231800368
1261423442
329285519
1980341388
2924026084
3216952774
3145436426
2447670741
1639214945
20466289
2557389862
2053167027
2944890053
3853891670
1748932404
4173922745
613725063
669300259
2660553137
4197390778
122886229
2882727502
2602320064
1506686956
3745413352
619521322
3146558026
3068879684
2799937910
1172114147
3178918614
873016219
3675015001
3109925052
1949350101
2154980256
3467261922
2569055667
3692788089
1968795216
4069441962
463176946
3849025363
2157962169
1493956048
403722566
1257854133
1453138801
2055680390
1613464768
357658119
2144968393
1910255462
2783246981
845396872
3024095385
212043167
2617243171
1887359659
2260562377
3394603332
1932478918
2627007204
3501117823
3701268341
1042029161
4143495316
4198743648
642028092
1121581141
3142106943
4281045817
1342676095
1933195771
2248481150
304767934
2734330425
2026760536
2655958205
3148558182
553220889
3747338443
162243127
802783364
526267987
3294407432
3686173724
2532027555
625277811
1571598342
3175572504
241767148
1911343273
1703409049
1904492780
3188600025
3385205538
3502359508
2112063482
60159987
1511547262
1731188649
2267658424
1009587127
3051833531
1648428424
1784007832
483702620
4104537581
2510918934
1494126419
83046978
80855550
2777521672
2637023949
1026551215
3502779876
3833938147
3612412208
807593998
2443020759
3947504497
1638633456
481416712
3279100312
934063571
443688952
3927751594
3418707034
1279837669
1525017465
1218325750
3962780692
3469278752
1449077284
621185481
1992168072
1096570658
4148238896
1421940701
1342219401
4111671307
525256253
335543988
1328990643
4187211559
3671348128
4152309613
2859837258
69750081
525447383
1581172833
2041548861
751635091
3241558100
2540211322
1449422306
1538109363
927206079
4244169067
2860554938
1283066081
3469638860
2590176392
668320346
3679127517
1630741921
3109090129
3974737943
2370108615
3817696435
1580826602
365919008
686329824
197982203
2182222212
934047828
325345077
1063703175
3767056142
80857111
617911365
2963149148
2167804782
328998808
3680993352
3230098867
2142351345
4136852671
2196366750
3455685996
1142512713
30174451
4126167762
1158398526
791361656
3382759731
3333562432
807361830
3778519622
3649491742
2915903944
1684541039
3669534544
101361096
973687138
420405214
3497100735
812210523
731957566
1011266701
4006407463
358199548
1541167768
2838818023
4146514226
3250557646
485578510
3737634293
2401110938
2550072936
3492100758
1941072852
1231253469
2999962202
1189594288
3839192210
1020541753
1305894734
447642409
815205560
1210355584
966759875
2191921222
3478733327
794544730
2909358085
2223642982
931578061
4119082523
4145551658
1647516648
507100222
512968312
94238710
209670465
2549828282
2231920761
388381692
1622675485
2247161989
3109813679
1590149897
2370480617
2766097161
3628290679
3571924038
3585737781
3810559578
1004819837
683241144
3456433822
2016706957
2294207205
2515483006
273841296
4008240217
3601030268
2907736531
3943790437
3208435240
2578201277
1802379545
23811178
986250513
58937771
373506045
108260051
774333422
766716707
3247676219
2066642091
352871536
4093081609
2976092176
879740865
789083346
1296977351
3679639377
369868350
1971518199
3460336739
2968889202
1127008180
621645755
4169930469
4011711412
2245966744
1926259116
4171063276
3470359626
1067758182
277699263
3465129453
2016351520
875401125
182036287
2817323057
3886118301
2116526606
102972604
193795837
2766040523
2909036438
2094196960
2478768287
3680694876
2084789018
837280406
3056478854
3579170455
2554447814
1502547610
3315916353
3536818728
1545700449
2442825885
4160350633
3179553320
1079241191
245597185
1765204225
2657514134
72419432
2349806912
440762110
3991928709
2714543051
3427669538
998804604
1540122346
1793476527
162539416
746515464
3773099905
3833524483
2205833149
1222790165
1231645335
1824347722
3149454459
1743543496
2794454312
2339284702
487759377
561192613
62037894
3332240510
2029265957
743852804
1678845884
294745536
1781049036
121556026
1442242071
2191937525
601728851
23644545
4102117984
4232935650
563868241
1975663440
3711084891
3716100709
127136060
417730583
1076525637
3134091622
1914830427
2486625570
1926632686
2047739254
2187035816
3853229683
236415249
3389604813
2520538873
775814861
3071279211
1273540107
216756510
4273655551
4125564829
3674434307
2459647067
1781539297
148084601
2575732421
2115841893
1789473051
3821511505
1449015785
4019872936
992325217
1546263029
1684994908
3296478745
1718172992
1787701510
2182749159
3289519893
817615837
504227592
1530527240
1288120690
394665604
1772218406
2249435614
1086419541
1524422670
3648992467
112412382
2864066802
1185607139
2037873297
1458636995
587017235
2186613063
2165491660
1680806040
3972027860
3678176046
4000034854
1001328217
567071512
471308320
3623576630
1251420176
2139510366
2156917530
3343475763
2657346877
746951820
1976416146
743241279
1202896816
3427655413
3604308366
3868872719
1905290917
2007582764
1421949446
2593268606
212595241
2410704835
63859997
1326205474
2628909249
1799566560
1311137409
867960297
4200982149
3176948681
3376039029
4287460038
420290657
882348381
3809030040
2257841086
153067680
384792357
1579574218
573297517
1699928847
3839297780
45437496
911894611
2253874757
3495493094
3616347471
3200313143
4190481792
619499939
4222002718
1133320988
1572206434
2787756080
4251584244
545707616
2022960155
1629206626
59368805
4273509580
3442539420
2773316202
1604520732
1470916397
860345503
481466417
489068111
3133916782
3444076619
3970556363
3927199903
2378983815
3541294946
3375474577
2880664095
1620268780
1017044765
3538423604
266553850
994058054
4257612360
3335689216
527915807
1340713964
58575204
2533311221
934886587
2921247174
3895987283
3313645931
3926584641
1665890704
769806757
879377917
4156444344
2519585687
3624640497
1852412452
1483131760
4126806828
1001771965
1618492897
3565400229
970043971
2910062240
2637248281
2462886401
3620079856
2727195232
2130694088
3498190454
218380918
4171841701
4243705031
3598866936
3368571498
1643365289
1443561331
2713329519
1746130163
3754614540
2772317105
3720215200
2060450294
3582859898
3743730839
1004679559
1643499628
345013628
1656018193
3608595316
930545199
2345052948
1372287485
3248165808
1607336496
2211717582
457568958
462816593
2861107125
1963639508
45517160
508345198
2180510000
3908196450
2712621325
1832803711
2329800615
1954960989
1347915366
1432828405
3520552146
1677822125
2389214737
3878740042
2245967753
2404196620
3538233878
3351836247
2374327666
1201739694
1622711271
905742259
3138240003
1378330483
2239091492
428887708
17791806
2117868333
1307149808
3493917913
3009672668
1037756050
1957361591
2581607184
1702185465
26246873
399917027
2056728217
4215757318
390591398
4241147124
1801754267
766981681
2035522376
1591724149
855755803
781714429
2980577603
1703303041
3763179451
2412843575
1160040044
2241708078
610645513
3443920036
2664357936
543960120
1479711891
1363374122
530436515
3363625119
286019556
1293670050
326193220
3064953621
4276743754
3133569530
1756500696
2092948507
4031130068
249751699
3108905616
1389928628
4196577870
880907510
630583602
997086359
3408786393
2890348031
3184486764
3500877963
4242716153
1171727047
594073222
1239605838
135826936
3559061746
3916675996
2668138
428799560
2595931318
1717957131
1640029310
1559282959
3714018121
2775091734
1781882854
1522142873
2831502110
3670039416
1352792000
366933602
2113906288
393402495
1671073319
344187438
3651368670
4036182580
2487517072
1728882972
2844376250
3160185792
384118026
1841341478
4142003953
1934461410
3052218810
1612687405
523862709
3040198828
2644439843
3489344509
2757205385
918478393
1700404074
2498360507
3890021960
4069984421
574438668
3062265967
2885568177
1817130936
1061488149
2078618683
2202496916
1596267650
2261007158
896376529
3805345851
832516203
3141049410
556522047
192367667
2237367590
1285943733
3508510885
2086862599
2210929277
2931842060
1215395249
960920232
1910713415
1020189130
558758161
4011364364
2964838859
3110325780
783699466
2245200874
1311649156
3833766368
2300688397
360909353
1517510085
1638616402
550161678
2983341394
3706918276
774253038
2376960261
2676144752
426569019
3121869482
886549791
4157108699
1437150769
2589418633
529516372
3508591732
2576693824
4047824090
3479337096
4291752664
1658768289
3153379163
534337589
708251947
3787265662
268204072
3078628786
1597478096
905748260
3391741094
1338903757
2887586754
645587845
3450521786
1149786703
4168195550
469691264
2258199358
3650326939
2002341128
1901712889
827154149
3741393475
3566993783
1818250852
3199266907
177503955
591898817
2057761124
3729701113
3416546248
1145827151
8895767
2226379863
2862310025
320912544
1856378644
1743371238
3155531183
1827983926
826609281
1912319373
909552302
3987644716
3677984109
121034761
940204776
521726827
639201360
485324140
973017324
2186336775
2654584874
2284629407
2738609273
3436573483
4040484979
1929328617
2942904503
4230147874
1229647547
3883281764
306937186
845067321
1912422167
1494912103
399151572
3198907968
1188797083
1860758039
1027422651
2917348591
4001523051
519146005
2448725642
2194273737
1187724406
1365555251
2961912857
4056237544
1745750650
3555408427
2339047267
1145119654
791102506
3006262263
3366926920
2686459571
3792685086
1787754634
4191068725
2155861723
2687610053
126197343
2806859938
2042474109
584661507
4186881647
1736296962
3055503778
1472746770
492668506
3979364483
1954253343
717097516
1737519868
2815190539
2642606628
1889919892
2206559440
2305952361
67208677
859979518
3672537616
459607099
702728908
4026031936
1423931247
4214886222
3142740946
1923140551
3615957250
3759740992
2605418268
2688435906
85184549
773423006
2164988166
695123334
1157307968
3193855916
3868396287
1119853037
1833636580
272848923
1735496575
1570797696
4277554932
1087975072
4133047679
89394473
325409388
915629882
1737653600
4065565667
2539320941
260704113
3725678537
3289633172
406532401
2539017346
1353777642
1571369202
3791322605
786337843
857177432
3315605797
278856356
1684099376
1852689296
352724199
3302701397
4155969059
2810646958
2975104362
3109351744
382813867
1198608012
3727628340
1945998234
2785081063
2502196554
2674274548
3909989515
481457193
1681527241
1706920241
3782059261
3182221364
1508040686
2841528401
3483161247
2576012
1631702261
1768857667
3215853663
1478844157
4236685819
1964204260
373876644
2892914324
2160410079
2276445582
1139917954
1149205829
4177711820
1562234429
964005325
3719162238
3553230571
1698863315
608761926
3178572245
4180626076
334795938
2495653911
3114256635
649960617
2553128515
3784051613
28318330
3784089910
243287043
1040034315
3142646090
395330644
196783462
4093628857
381589210
3000234248
3449436314
3792794279
477605656
