272982266
356485128
163281296
291938036
1266903783
922201141
6193496
1087792479
122167484
1271381383
315393900
2106805786
928788748
492068332
1786674821
285709288
976957766
1424293713
711538482
741477052
244673441
1628908797
1004188012
130301285
953205399
975683425
1592843579
333582551
1707721736
844075560
222656972
1980703853
1200560592
385938196
125158187
319980650
1308139209
131351573
1407773049
1430306607
1402732917
1723166836
1389628639
184037853
67751433
1028819701
469747085
1044709123
305629707
1181285479
1786186050
550303012
662710516
642890367
680604219
1615915870
1618573663
125964051
1949498255
1178811663
970039559
24671545
1012031808
23116396
410609601
1137189846
343096950
1718748739
1268541365
1750869921
1001571570
523790524
1326553030
243716476
707828337
1394304350
1272536071
1177575259
291529737
1578165667
